1	1.094679902e-13	
0.999	0.001999	
0.998	0.003996	
0.997	0.005991	
0.996	0.007984	
0.995	0.009975	
0.994	0.011964	
0.993	0.013951	
0.992	0.015936	
0.991	0.017919	
0.99	0.0199	
0.989	0.021879	
0.988	0.023856	
0.987	0.025831	
0.986	0.027804	
0.985	0.029775	
0.984	0.031744	
0.983	0.033711	
0.982	0.035676	
0.981	0.037639	
0.98	0.0396	
0.979	0.041559	
0.978	0.043516	
0.977	0.045471	
0.976	0.047424	
0.975	0.049375	
0.974	0.051324	
0.973	0.053271	
0.972	0.055216	
0.971	0.057159	
0.97	0.0591	
0.969	0.061039	
0.968	0.062976	
0.967	0.064911	
0.966	0.066844	
0.965	0.068775	
0.964	0.070704	
0.963	0.072631	
0.962	0.074556	
0.961	0.076479	
0.96	0.0784	
0.959	0.080319	
0.958	0.082236	
0.957	0.084151	
0.956	0.086064	
0.955	0.087975	
0.954	0.089884	
0.953	0.091791	
0.952	0.093696	
0.951	0.095599	
0.95	0.0975	
0.949	0.099399	
0.948	0.101296	
0.947	0.103191	
0.946	0.105084	
0.945	0.106975	
0.944	0.108864	
0.943	0.110751	
0.942	0.112636	
0.941	0.114519	
0.94	0.1164	
0.939	0.118279	
0.938	0.120156	
0.937	0.122031	
0.936	0.123904	
0.935	0.125775	
0.934	0.127644	
0.933	0.129511	
0.932	0.131376	
0.931	0.133239	
0.93	0.1351	
0.929	0.136959	
0.928	0.138816	
0.927	0.140671	
0.926	0.142524	
0.925	0.144375	
0.924	0.146224	
0.923	0.148071	
0.922	0.149916	
0.921	0.151759	
0.92	0.1536	
0.919	0.155439	
0.918	0.157276	
0.917	0.159111	
0.916	0.160944	
0.915	0.162775	
0.914	0.164604	
0.913	0.166431	
0.912	0.168256	
0.911	0.170079	
0.91	0.1719	
0.909	0.173719	
0.908	0.175536	
0.907	0.177351	
0.906	0.179164	
0.905	0.180975	
0.904	0.182784	
0.903	0.184591	
0.902	0.186396	
0.901	0.188199	
0.9	0.19	
0.899	0.191799	
0.898	0.193596	
0.897	0.195391	
0.896	0.197184	
0.895	0.198975	
0.894	0.200764	
0.893	0.202551	
0.892	0.204336	
0.891	0.206119	
0.89	0.2079	
0.889	0.209679	
0.888	0.211456	
0.887	0.213231	
0.886	0.215004	
0.885	0.216775	
0.884	0.218544	
0.883	0.220311	
0.882	0.222076	
0.881	0.223839	
0.88	0.2256	
0.879	0.227359	
0.878	0.229116	
0.877	0.230871	
0.876	0.232624	
0.875	0.234375	
0.874	0.236124	
0.873	0.237871	
0.872	0.239616	
0.871	0.241359	
0.87	0.2431	
0.869	0.244839	
0.868	0.246576	
0.867	0.248311	
0.866	0.250044	
0.865	0.251775	
0.864	0.253504	
0.863	0.255231	
0.862	0.256956	
0.861	0.258679	
0.86	0.2604	
0.859	0.262119	
0.858	0.263836	
0.857	0.265551	
0.856	0.267264	
0.855	0.268975	
0.854	0.270684	
0.853	0.272391	
0.852	0.274096	
0.851	0.275799	
0.85	0.2775	
0.849	0.279199	
0.848	0.280896	
0.847	0.282591	
0.846	0.284284	
0.845	0.285975	
0.844	0.287664	
0.843	0.289351	
0.842	0.291036	
0.841	0.292719	
0.84	0.2944	
0.839	0.296079	
0.838	0.297756	
0.837	0.299431	
0.836	0.301104	
0.835	0.302775	
0.834	0.304444	
0.833	0.306111	
0.832	0.307776	
0.831	0.309439	
0.83	0.3111	
0.829	0.312759	
0.828	0.314416	
0.827	0.316071	
0.826	0.317724	
0.825	0.319375	
0.824	0.321024	
0.823	0.322671	
0.822	0.324316	
0.821	0.325959	
0.82	0.3276	
0.819	0.329239	
0.818	0.330876	
0.817	0.332511	
0.816	0.334144	
0.815	0.335775	
0.814	0.337404	
0.813	0.339031	
0.812	0.340656	
0.811	0.342279	
0.81	0.3439	
0.809	0.345519	
0.808	0.347136	
0.807	0.348751	
0.806	0.350364	
0.805	0.351975	
0.804	0.353584	
0.803	0.355191	
0.802	0.356796	
0.801	0.358399	
0.8	0.36	
0.799	0.361599	
0.798	0.363196	
0.797	0.364791	
0.796	0.366384	
0.795	0.367975	
0.794	0.369564	
0.793	0.371151	
0.792	0.372736	
0.791	0.374319	
0.79	0.3759	
0.789	0.377479	
0.788	0.379056	
0.787	0.380631	
0.786	0.382204	
0.785	0.383775	
0.784	0.385344	
0.783	0.386911	
0.782	0.388476	
0.781	0.390039	
0.78	0.3916	
0.779	0.393159	
0.778	0.394716	
0.777	0.396271	
0.776	0.397824	
0.775	0.399375	
0.774	0.400924	
0.773	0.402471	
0.772	0.404016	
0.771	0.405559	
0.77	0.4071	
0.769	0.408639	
0.768	0.410176	
0.767	0.411711	
0.766	0.413244	
0.765	0.414775	
0.764	0.416304	
0.763	0.417831	
0.762	0.419356	
0.761	0.420879	
0.76	0.4224	
0.759	0.423919	
0.758	0.425436	
0.757	0.426951	
0.756	0.428464	
0.755	0.429975	
0.754	0.431484	
0.753	0.432991	
0.752	0.434496	
0.751	0.435999	
0.75	0.4375	
0.749	0.438999	
0.748	0.440496	
0.747	0.441991	
0.746	0.443484	
0.745	0.444975	
0.744	0.446464	
0.743	0.447951	
0.742	0.449436	
0.741	0.450919	
0.74	0.4524	
0.739	0.453879	
0.738	0.455356	
0.737	0.456831	
0.736	0.458304	
0.735	0.459775	
0.734	0.461244	
0.733	0.462711	
0.732	0.464176	
0.731	0.465639	
0.73	0.4671	
0.729	0.468559	
0.728	0.470016	
0.727	0.471471	
0.726	0.472924	
0.725	0.474375	
0.724	0.475824	
0.723	0.477271	
0.722	0.478716	
0.721	0.480159	
0.72	0.4816	
0.719	0.483039	
0.718	0.484476	
0.717	0.485911	
0.716	0.487344	
0.715	0.488775	
0.714	0.490204	
0.713	0.491631	
0.712	0.493056	
0.711	0.494479	
0.71	0.4959	
0.709	0.497319	
0.708	0.498736	
0.707	0.500151	
0.706	0.501564	
0.705	0.502975	
0.704	0.504384	
0.703	0.505791	
0.702	0.507196	
0.701	0.508599	
0.7	0.51	
0.699	0.511399	
0.698	0.512796	
0.697	0.514191	
0.696	0.515584	
0.695	0.516975	
0.694	0.518364	
0.693	0.519751	
0.692	0.521136	
0.691	0.522519	
0.69	0.5239	
0.689	0.525279	
0.688	0.526656	
0.687	0.528031	
0.686	0.529404	
0.685	0.530775	
0.684	0.532144	
0.683	0.533511	
0.682	0.534876	
0.681	0.536239	
0.68	0.5376	
0.679	0.538959	
0.678	0.540316	
0.677	0.541671	
0.676	0.543024	
0.675	0.544375	
0.674	0.545724	
0.673	0.547071	
0.672	0.548416	
0.671	0.549759	
0.67	0.5511	
0.669	0.552439	
0.668	0.553776	
0.667	0.555111	
0.666	0.556444	
0.665	0.557775	
0.664	0.559104	
0.663	0.560431	
0.662	0.561756	
0.661	0.563079	
0.66	0.5644	
0.659	0.565719	
0.658	0.567036	
0.657	0.568351	
0.656	0.569664	
0.655	0.570975	
0.654	0.572284	
0.653	0.573591	
0.652	0.574896	
0.651	0.576199	
0.65	0.5775	
0.649	0.578799	
0.648	0.580096	
0.647	0.581391	
0.646	0.582684	
0.645	0.583975	
0.644	0.585264	
0.643	0.586551	
0.642	0.587836	
0.641	0.589119	
0.64	0.5904	
0.639	0.591679	
0.638	0.592956	
0.637	0.594231	
0.636	0.595504	
0.635	0.596775	
0.634	0.598044	
0.633	0.599311	
0.632	0.600576	
0.631	0.601839	
0.63	0.6031	
0.629	0.604359	
0.628	0.605616	
0.627	0.606871	
0.626	0.608124	
0.625	0.609375	
0.624	0.610624	
0.623	0.611871	
0.622	0.613116	
0.621	0.614359	
0.62	0.6156	
0.619	0.616839	
0.618	0.618076	
0.617	0.619311	
0.616	0.620544	
0.615	0.621775	
0.614	0.623004	
0.613	0.624231	
0.612	0.625456	
0.611	0.626679	
0.61	0.6279	
0.609	0.629119	
0.608	0.630336	
0.607	0.631551	
0.606	0.632764	
0.605	0.633975	
0.604	0.635184	
0.603	0.636391	
0.602	0.637596	
0.601	0.638799	
0.6	0.64	
0.599	0.641199	
0.598	0.642396	
0.597	0.643591	
0.596	0.644784	
0.595	0.645975	
0.594	0.647164	
0.593	0.648351	
0.592	0.649536	
0.591	0.650719	
0.59	0.6519	
0.589	0.653079	
0.588	0.654256	
0.587	0.655431	
0.586	0.656604	
0.585	0.657775	
0.584	0.658944	
0.583	0.660111	
0.582	0.661276	
0.581	0.662439	
0.58	0.6636	
0.579	0.664759	
0.578	0.665916	
0.577	0.667071	
0.576	0.668224	
0.575	0.669375	
0.574	0.670524	
0.573	0.671671	
0.572	0.672816	
0.571	0.673959	
0.57	0.6751	
0.569	0.676239	
0.568	0.677376	
0.567	0.678511	
0.566	0.679644	
0.565	0.680775	
0.564	0.681904	
0.563	0.683031	
0.562	0.684156	
0.561	0.685279	
0.56	0.6864	
0.559	0.687519	
0.558	0.688636	
0.557	0.689751	
0.556	0.690864	
0.555	0.691975	
0.554	0.693084	
0.553	0.694191	
0.552	0.695296	
0.551	0.696399	
0.55	0.6975	
0.549	0.698599	
0.548	0.699696	
0.547	0.700791	
0.546	0.701884	
0.545	0.702975	
0.544	0.704064	
0.543	0.705151	
0.542	0.706236	
0.541	0.707319	
0.54	0.7084	
0.539	0.709479	
0.538	0.710556	
0.537	0.711631	
0.536	0.712704	
0.535	0.713775	
0.534	0.714844	
0.533	0.715911	
0.532	0.716976	
0.531	0.718039	
0.53	0.7191	
0.529	0.720159	
0.528	0.721216	
0.527	0.722271	
0.526	0.723324	
0.525	0.724375	
0.524	0.725424	
0.523	0.726471	
0.522	0.727516	
0.521	0.728559	
0.52	0.7296	
0.519	0.730639	
0.518	0.731676	
0.517	0.732711	
0.516	0.733744	
0.515	0.734775	
0.514	0.735804	
0.513	0.736831	
0.512	0.737856	
0.511	0.738879	
0.51	0.7399	
0.509	0.740919	
0.508	0.741936	
0.507	0.742951	
0.506	0.743964	
0.505	0.744975	
0.504	0.745984	
0.503	0.746991	
0.502	0.747996	
0.501	0.748999	
0.5	0.75	
0.499	0.750999	
0.498	0.751996	
0.497	0.752991	
0.496	0.753984	
0.495	0.754975	
0.494	0.755964	
0.493	0.756951	
0.492	0.757936	
0.491	0.758919	
0.49	0.7599	
0.489	0.760879	
0.488	0.761856	
0.487	0.762831	
0.486	0.763804	
0.485	0.764775	
0.484	0.765744	
0.483	0.766711	
0.482	0.767676	
0.481	0.768639	
0.48	0.7696	
0.479	0.770559	
0.478	0.771516	
0.477	0.772471	
0.476	0.773424	
0.475	0.774375	
0.474	0.775324	
0.473	0.776271	
0.472	0.777216	
0.471	0.778159	
0.47	0.7791	
0.469	0.780039	
0.468	0.780976	
0.467	0.781911	
0.466	0.782844	
0.465	0.783775	
0.464	0.784704	
0.463	0.785631	
0.462	0.786556	
0.461	0.787479	
0.46	0.7884	
0.459	0.789319	
0.458	0.790236	
0.457	0.791151	
0.456	0.792064	
0.455	0.792975	
0.454	0.793884	
0.453	0.794791	
0.452	0.795696	
0.451	0.796599	
0.45	0.7975	
0.449	0.798399	
0.448	0.799296	
0.447	0.800191	
0.446	0.801084	
0.445	0.801975	
0.444	0.802864	
0.443	0.803751	
0.442	0.804636	
0.441	0.805519	
0.44	0.8064	
0.439	0.807279	
0.438	0.808156	
0.437	0.809031	
0.436	0.809904	
0.435	0.810775	
0.434	0.811644	
0.433	0.812511	
0.432	0.813376	
0.431	0.814239	
0.43	0.8151	
0.429	0.815959	
0.428	0.816816	
0.427	0.817671	
0.426	0.818524	
0.425	0.819375	
0.424	0.820224	
0.423	0.821071	
0.422	0.821916	
0.421	0.822759	
0.42	0.8236	
0.419	0.824439	
0.418	0.825276	
0.417	0.826111	
0.416	0.826944	
0.415	0.827775	
0.414	0.828604	
0.413	0.829431	
0.412	0.830256	
0.411	0.831079	
0.41	0.8319	
0.409	0.832719	
0.408	0.833536	
0.407	0.834351	
0.406	0.835164	
0.405	0.835975	
0.404	0.836784	
0.403	0.837591	
0.402	0.838396	
0.401	0.839199	
0.4	0.84	
0.399	0.840799	
0.398	0.841596	
0.397	0.842391	
0.396	0.843184	
0.395	0.843975	
0.394	0.844764	
0.393	0.845551	
0.392	0.846336	
0.391	0.847119	
0.39	0.8479	
0.389	0.848679	
0.388	0.849456	
0.387	0.850231	
0.386	0.851004	
0.385	0.851775	
0.384	0.852544	
0.383	0.853311	
0.382	0.854076	
0.381	0.854839	
0.38	0.8556	
0.379	0.856359	
0.378	0.857116	
0.377	0.857871	
0.376	0.858624	
0.375	0.859375	
0.374	0.860124	
0.373	0.860871	
0.372	0.861616	
0.371	0.862359	
0.37	0.8631	
0.369	0.863839	
0.368	0.864576	
0.367	0.865311	
0.366	0.866044	
0.365	0.866775	
0.364	0.867504	
0.363	0.868231	
0.362	0.868956	
0.361	0.869679	
0.36	0.8704	
0.359	0.871119	
0.358	0.871836	
0.357	0.872551	
0.356	0.873264	
0.355	0.873975	
0.354	0.874684	
0.353	0.875391	
0.352	0.876096	
0.351	0.876799	
0.35	0.8775	
0.349	0.878199	
0.348	0.878896	
0.347	0.879591	
0.346	0.880284	
0.345	0.880975	
0.344	0.881664	
0.343	0.882351	
0.342	0.883036	
0.341	0.883719	
0.34	0.8844	
0.339	0.885079	
0.338	0.885756	
0.337	0.886431	
0.336	0.887104	
0.335	0.887775	
0.334	0.888444	
0.333	0.889111	
0.332	0.889776	
0.331	0.890439	
0.33	0.8911	
0.329	0.891759	
0.328	0.892416	
0.327	0.893071	
0.326	0.893724	
0.325	0.894375	
0.324	0.895024	
0.323	0.895671	
0.322	0.896316	
0.321	0.896959	
0.32	0.8976	
0.319	0.898239	
0.318	0.898876	
0.317	0.899511	
0.316	0.900144	
0.315	0.900775	
0.314	0.901404	
0.313	0.902031	
0.312	0.902656	
0.311	0.903279	
0.31	0.9039	
0.309	0.904519	
0.308	0.905136	
0.307	0.905751	
0.306	0.906364	
0.305	0.906975	
0.304	0.907584	
0.303	0.908191	
0.302	0.908796	
0.301	0.909399	
0.3	0.91	
0.299	0.910599	
0.298	0.911196	
0.297	0.911791	
0.296	0.912384	
0.295	0.912975	
0.294	0.913564	
0.293	0.914151	
0.292	0.914736	
0.291	0.915319	
0.29	0.9159	
0.289	0.916479	
0.288	0.917056	
0.287	0.917631	
0.286	0.918204	
0.285	0.918775	
0.284	0.919344	
0.283	0.919911	
0.282	0.920476	
0.281	0.921039	
0.28	0.9216	
0.279	0.922159	
0.278	0.922716	
0.277	0.923271	
0.276	0.923824	
0.275	0.924375	
0.274	0.924924	
0.273	0.925471	
0.272	0.926016	
0.271	0.926559	
0.27	0.9271	
0.269	0.927639	
0.268	0.928176	
0.267	0.928711	
0.266	0.929244	
0.265	0.929775	
0.264	0.930304	
0.263	0.930831	
0.262	0.931356	
0.261	0.931879	
0.26	0.9324	
0.259	0.932919	
0.258	0.933436	
0.257	0.933951	
0.256	0.934464	
0.255	0.934975	
0.254	0.935484	
0.253	0.935991	
0.252	0.936496	
0.251	0.936999	
0.25	0.9375	
0.249	0.937999	
0.248	0.938496	
0.247	0.938991	
0.246	0.939484	
0.245	0.939975	
0.244	0.940464	
0.243	0.940951	
0.242	0.941436	
0.241	0.941919	
0.24	0.9424	
0.239	0.942879	
0.238	0.943356	
0.237	0.943831	
0.236	0.944304	
0.235	0.944775	
0.234	0.945244	
0.233	0.945711	
0.232	0.946176	
0.231	0.946639	
0.23	0.9471	
0.229	0.947559	
0.228	0.948016	
0.227	0.948471	
0.226	0.948924	
0.225	0.949375	
0.224	0.949824	
0.223	0.950271	
0.222	0.950716	
0.221	0.951159	
0.22	0.9516	
0.219	0.952039	
0.218	0.952476	
0.217	0.952911	
0.216	0.953344	
0.215	0.953775	
0.214	0.954204	
0.213	0.954631	
0.212	0.955056	
0.211	0.955479	
0.21	0.9559	
0.209	0.956319	
0.208	0.956736	
0.207	0.957151	
0.206	0.957564	
0.205	0.957975	
0.204	0.958384	
0.203	0.958791	
0.202	0.959196	
0.201	0.959599	
0.2	0.96	
0.199	0.960399	
0.198	0.960796	
0.197	0.961191	
0.196	0.961584	
0.195	0.961975	
0.194	0.962364	
0.193	0.962751	
0.192	0.963136	
0.191	0.963519	
0.19	0.9639	
0.189	0.964279	
0.188	0.964656	
0.187	0.965031	
0.186	0.965404	
0.185	0.965775	
0.184	0.966144	
0.183	0.966511	
0.182	0.966876	
0.181	0.967239	
0.18	0.9676	
0.179	0.967959	
0.178	0.968316	
0.177	0.968671	
0.176	0.969024	
0.175	0.969375	
0.174	0.969724	
0.173	0.970071	
0.172	0.970416	
0.171	0.970759	
0.17	0.9711	
0.169	0.971439	
0.168	0.971776	
0.167	0.972111	
0.166	0.972444	
0.165	0.972775	
0.164	0.973104	
0.163	0.973431	
0.162	0.973756	
0.161	0.974079	
0.16	0.9744	
0.159	0.974719	
0.158	0.975036	
0.157	0.975351	
0.156	0.975664	
0.155	0.975975	
0.154	0.976284	
0.153	0.976591	
0.152	0.976896	
0.151	0.977199	
0.15	0.9775	
0.149	0.977799	
0.148	0.978096	
0.147	0.978391	
0.146	0.978684	
0.145	0.978975	
0.144	0.979264	
0.143	0.979551	
0.142	0.979836	
0.141	0.980119	
0.14	0.9804	
0.139	0.980679	
0.138	0.980956	
0.137	0.981231	
0.136	0.981504	
0.135	0.981775	
0.134	0.982044	
0.133	0.982311	
0.132	0.982576	
0.131	0.982839	
0.13	0.9831	
0.129	0.983359	
0.128	0.983616	
0.127	0.983871	
0.126	0.984124	
0.125	0.984375	
0.124	0.984624	
0.123	0.984871	
0.122	0.985116	
0.121	0.985359	
0.12	0.9856	
0.119	0.985839	
0.118	0.986076	
0.117	0.986311	
0.116	0.986544	
0.115	0.986775	
0.114	0.987004	
0.113	0.987231	
0.112	0.987456	
0.111	0.987679	
0.11	0.9879	
0.109	0.988119	
0.108	0.988336	
0.107	0.988551	
0.106	0.988764	
0.105	0.988975	
0.104	0.989184	
0.103	0.989391	
0.102	0.989596	
0.101	0.989799	
0.1	0.99	
0.099	0.990199	
0.098	0.990396	
0.097	0.990591	
0.096	0.990784	
0.095	0.990975	
0.094	0.991164	
0.093	0.991351	
0.092	0.991536	
0.091	0.991719	
0.09	0.9919	
0.089	0.992079	
0.088	0.992256	
0.087	0.992431	
0.086	0.992604	
0.085	0.992775	
0.084	0.992944	
0.083	0.993111	
0.082	0.993276	
0.081	0.993439	
0.08	0.9936	
0.079	0.993759	
0.078	0.993916	
0.077	0.994071	
0.076	0.994224	
0.075	0.994375	
0.074	0.994524	
0.073	0.994671	
0.072	0.994816	
0.071	0.994959	
0.07	0.9951	
0.069	0.995239	
0.068	0.995376	
0.067	0.995511	
0.066	0.995644	
0.065	0.995775	
0.064	0.995904	
0.063	0.996031	
0.062	0.996156	
0.061	0.996279	
0.06	0.9964	
0.059	0.996519	
0.058	0.996636	
0.057	0.996751	
0.056	0.996864	
0.055	0.996975	
0.054	0.997084	
0.053	0.997191	
0.052	0.997296	
0.051	0.997399	
0.05	0.9975	
0.049	0.997599	
0.048	0.997696	
0.047	0.997791	
0.046	0.997884	
0.045	0.997975	
0.044	0.998064	
0.043	0.998151	
0.042	0.998236	
0.041	0.998319	
0.04	0.9984	
0.039	0.998479	
0.038	0.998556	
0.037	0.998631	
0.036	0.998704	
0.035	0.998775	
0.034	0.998844	
0.033	0.998911	
0.032	0.998976	
0.031	0.999039	
0.03	0.9991	
0.029	0.999159	
0.028	0.999216	
0.027	0.999271	
0.026	0.999324	
0.025	0.999375	
0.024	0.999424	
0.023	0.999471	
0.022	0.999516	
0.021	0.999559	
0.02	0.9996	
0.019	0.999639	
0.018	0.999676	
0.017	0.999711	
0.016	0.999744	
0.015	0.999775	
0.014	0.999804	
0.013	0.999831	
0.012	0.999856	
0.011	0.999879	
0.01	0.9999	
0.009	0.999919	
0.008	0.999936	
0.007	0.999951	
0.006	0.999964	
0.005	0.999975	
0.004	0.999984	
0.003	0.999991	
0.002	0.999996	
0.001	0.999999	
0	1	
0.0005	0.99999975	
0.0015	0.99999775	
0.0025	0.99999375	
0.0035	0.99998775	
0.0045	0.99997975	
0.0055	0.99996975	
0.0065	0.99995775	
0.0075	0.99994375	
0.0085	0.99992775	
0.0095	0.99990975	
0.0105	0.99988975	
0.0115	0.99986775	
0.0125	0.99984375	
0.0135	0.99981775	
0.0145	0.99978975	
0.0155	0.99975975	
0.0165	0.99972775	
0.0175	0.99969375	
0.0185	0.99965775	
0.0195	0.99961975	
0.0205	0.99957975	
0.0215	0.99953775	
0.0225	0.99949375	
0.0235	0.99944775	
0.0245	0.99939975	
0.0255	0.99934975	
0.0265	0.99929775	
0.0275	0.99924375	
0.0285	0.99918775	
0.0295	0.99912975	
0.0305	0.99906975	
0.0315	0.99900775	
0.0325	0.99894375	
0.0335	0.99887775	
0.0345	0.99880975	
0.0355	0.99873975	
0.0365	0.99866775	
0.0375	0.99859375	
0.0385	0.99851775	
0.0395	0.99843975	
0.0405	0.99835975	
0.0415	0.99827775	
0.0425	0.99819375	
0.0435	0.99810775	
0.0445	0.99801975	
0.0455	0.99792975	
0.0465	0.99783775	
0.0475	0.99774375	
0.0485	0.99764775	
0.0495	0.99754975	
0.0505	0.99744975	
0.0515	0.99734775	
0.0525	0.99724375	
0.0535	0.99713775	
0.0545	0.99702975	
0.0555	0.99691975	
0.0565	0.99680775	
0.0575	0.99669375	
0.0585	0.99657775	
0.0595	0.99645975	
0.0605	0.99633975	
0.0615	0.99621775	
0.0625	0.99609375	
0.0635	0.99596775	
0.0645	0.99583975	
0.0655	0.99570975	
0.0665	0.99557775	
0.0675	0.99544375	
0.0685	0.99530775	
0.0695	0.99516975	
0.0705	0.99502975	
0.0715	0.99488775	
0.0725	0.99474375	
0.0735	0.99459775	
0.0745	0.99444975	
0.0755	0.99429975	
0.0765	0.99414775	
0.0775	0.99399375	
0.0785	0.99383775	
0.0795	0.99367975	
0.0805	0.99351975	
0.0815	0.99335775	
0.0825	0.99319375	
0.0835	0.99302775	
0.0845	0.99285975	
0.0855	0.99268975	
0.0865	0.99251775	
0.0875	0.99234375	
0.0885	0.99216775	
0.0895	0.99198975	
0.0905	0.99180975	
0.0915	0.99162775	
0.0925	0.99144375	
0.0935	0.99125775	
0.0945	0.99106975	
0.0955	0.99087975	
0.0965	0.99068775	
0.0975	0.99049375	
0.0985	0.99029775	
0.0995	0.99009975	
0.1005	0.98989975	
0.1015	0.98969775	
0.1025	0.98949375	
0.1035	0.98928775	
0.1045	0.98907975	
0.1055	0.98886975	
0.1065	0.98865775	
0.1075	0.98844375	
0.1085	0.98822775	
0.1095	0.98800975	
0.1105	0.98778975	
0.1115	0.98756775	
0.1125	0.98734375	
0.1135	0.98711775	
0.1145	0.98688975	
0.1155	0.98665975	
0.1165	0.98642775	
0.1175	0.98619375	
0.1185	0.98595775	
0.1195	0.98571975	
0.1205	0.98547975	
0.1215	0.98523775	
0.1225	0.98499375	
0.1235	0.98474775	
0.1245	0.98449975	
0.1255	0.98424975	
0.1265	0.98399775	
0.1275	0.98374375	
0.1285	0.98348775	
0.1295	0.98322975	
0.1305	0.98296975	
0.1315	0.98270775	
0.1325	0.98244375	
0.1335	0.98217775	
0.1345	0.98190975	
0.1355	0.98163975	
0.1365	0.98136775	
0.1375	0.98109375	
0.1385	0.98081775	
0.1395	0.98053975	
0.1405	0.98025975	
0.1415	0.97997775	
0.1425	0.97969375	
0.1435	0.97940775	
0.1445	0.97911975	
0.1455	0.97882975	
0.1465	0.97853775	
0.1475	0.97824375	
0.1485	0.97794775	
0.1495	0.97764975	
0.1505	0.97734975	
0.1515	0.97704775	
0.1525	0.97674375	
0.1535	0.97643775	
0.1545	0.97612975	
0.1555	0.97581975	
0.1565	0.97550775	
0.1575	0.97519375	
0.1585	0.97487775	
0.1595	0.97455975	
0.1605	0.97423975	
0.1615	0.97391775	
0.1625	0.97359375	
0.1635	0.97326775	
0.1645	0.97293975	
0.1655	0.97260975	
0.1665	0.97227775	
0.1675	0.97194375	
0.1685	0.97160775	
0.1695	0.97126975	
0.1705	0.97092975	
0.1715	0.97058775	
0.1725	0.97024375	
0.1735	0.96989775	
0.1745	0.96954975	
0.1755	0.96919975	
0.1765	0.96884775	
0.1775	0.96849375	
0.1785	0.96813775	
0.1795	0.96777975	
0.1805	0.96741975	
0.1815	0.96705775	
0.1825	0.96669375	
0.1835	0.96632775	
0.1845	0.96595975	
0.1855	0.96558975	
0.1865	0.96521775	
0.1875	0.96484375	
0.1885	0.96446775	
0.1895	0.96408975	
0.1905	0.96370975	
0.1915	0.96332775	
0.1925	0.96294375	
0.1935	0.96255775	
0.1945	0.96216975	
0.1955	0.96177975	
0.1965	0.96138775	
0.1975	0.96099375	
0.1985	0.96059775	
0.1995	0.96019975	
0.2005	0.95979975	
0.2015	0.95939775	
0.2025	0.95899375	
0.2035	0.95858775	
0.2045	0.95817975	
0.2055	0.95776975	
0.2065	0.95735775	
0.2075	0.95694375	
0.2085	0.95652775	
0.2095	0.95610975	
0.2105	0.95568975	
0.2115	0.95526775	
0.2125	0.95484375	
0.2135	0.95441775	
0.2145	0.95398975	
0.2155	0.95355975	
0.2165	0.95312775	
0.2175	0.95269375	
0.2185	0.95225775	
0.2195	0.95181975	
0.2205	0.95137975	
0.2215	0.95093775	
0.2225	0.95049375	
0.2235	0.95004775	
0.2245	0.94959975	
0.2255	0.94914975	
0.2265	0.94869775	
0.2275	0.94824375	
0.2285	0.94778775	
0.2295	0.94732975	
0.2305	0.94686975	
0.2315	0.94640775	
0.2325	0.94594375	
0.2335	0.94547775	
0.2345	0.94500975	
0.2355	0.94453975	
0.2365	0.94406775	
0.2375	0.94359375	
0.2385	0.94311775	
0.2395	0.94263975	
0.2405	0.94215975	
0.2415	0.94167775	
0.2425	0.94119375	
0.2435	0.94070775	
0.2445	0.94021975	
0.2455	0.93972975	
0.2465	0.93923775	
0.2475	0.93874375	
0.2485	0.93824775	
0.2495	0.93774975	
0.2505	0.93724975	
0.2515	0.93674775	
0.2525	0.93624375	
0.2535	0.93573775	
0.2545	0.93522975	
0.2555	0.93471975	
0.2565	0.93420775	
0.2575	0.93369375	
0.2585	0.93317775	
0.2595	0.93265975	
0.2605	0.93213975	
0.2615	0.93161775	
0.2625	0.93109375	
0.2635	0.93056775	
0.2645	0.93003975	
0.2655	0.92950975	
0.2665	0.92897775	
0.2675	0.92844375	
0.2685	0.92790775	
0.2695	0.92736975	
0.2705	0.92682975	
0.2715	0.92628775	
0.2725	0.92574375	
0.2735	0.92519775	
0.2745	0.92464975	
0.2755	0.92409975	
0.2765	0.92354775	
0.2775	0.92299375	
0.2785	0.92243775	
0.2795	0.92187975	
0.2805	0.92131975	
0.2815	0.92075775	
0.2825	0.92019375	
0.2835	0.91962775	
0.2845	0.91905975	
0.2855	0.91848975	
0.2865	0.91791775	
0.2875	0.91734375	
0.2885	0.91676775	
0.2895	0.91618975	
0.2905	0.91560975	
0.2915	0.91502775	
0.2925	0.91444375	
0.2935	0.91385775	
0.2945	0.91326975	
0.2955	0.91267975	
0.2965	0.91208775	
0.2975	0.91149375	
0.2985	0.91089775	
0.2995	0.91029975	
0.3005	0.90969975	
0.3015	0.90909775	
0.3025	0.90849375	
0.3035	0.90788775	
0.3045	0.90727975	
0.3055	0.90666975	
0.3065	0.90605775	
0.3075	0.90544375	
0.3085	0.90482775	
0.3095	0.90420975	
0.3105	0.90358975	
0.3115	0.90296775	
0.3125	0.90234375	
0.3135	0.90171775	
0.3145	0.90108975	
0.3155	0.90045975	
0.3165	0.89982775	
0.3175	0.89919375	
0.3185	0.89855775	
0.3195	0.89791975	
0.3205	0.89727975	
0.3215	0.89663775	
0.3225	0.89599375	
0.3235	0.89534775	
0.3245	0.89469975	
0.3255	0.89404975	
0.3265	0.89339775	
0.3275	0.89274375	
0.3285	0.89208775	
0.3295	0.89142975	
0.3305	0.89076975	
0.3315	0.89010775	
0.3325	0.88944375	
0.3335	0.88877775	
0.3345	0.88810975	
0.3355	0.88743975	
0.3365	0.88676775	
0.3375	0.88609375	
0.3385	0.88541775	
0.3395	0.88473975	
0.3405	0.88405975	
0.3415	0.88337775	
0.3425	0.88269375	
0.3435	0.88200775	
0.3445	0.88131975	
0.3455	0.88062975	
0.3465	0.87993775	
0.3475	0.87924375	
0.3485	0.87854775	
0.3495	0.87784975	
0.3505	0.87714975	
0.3515	0.87644775	
0.3525	0.87574375	
0.3535	0.87503775	
0.3545	0.87432975	
0.3555	0.87361975	
0.3565	0.87290775	
0.3575	0.87219375	
0.3585	0.87147775	
0.3595	0.87075975	
0.3605	0.87003975	
0.3615	0.86931775	
0.3625	0.86859375	
0.3635	0.86786775	
0.3645	0.86713975	
0.3655	0.86640975	
0.3665	0.86567775	
0.3675	0.86494375	
0.3685	0.86420775	
0.3695	0.86346975	
0.3705	0.86272975	
0.3715	0.86198775	
0.3725	0.86124375	
0.3735	0.86049775	
0.3745	0.85974975	
0.3755	0.85899975	
0.3765	0.85824775	
0.3775	0.85749375	
0.3785	0.85673775	
0.3795	0.85597975	
0.3805	0.85521975	
0.3815	0.85445775	
0.3825	0.85369375	
0.3835	0.85292775	
0.3845	0.85215975	
0.3855	0.85138975	
0.3865	0.85061775	
0.3875	0.84984375	
0.3885	0.84906775	
0.3895	0.84828975	
0.3905	0.84750975	
0.3915	0.84672775	
0.3925	0.84594375	
0.3935	0.84515775	
0.3945	0.84436975	
0.3955	0.84357975	
0.3965	0.84278775	
0.3975	0.84199375	
0.3985	0.84119775	
0.3995	0.84039975	
0.4005	0.83959975	
0.4015	0.83879775	
0.4025	0.83799375	
0.4035	0.83718775	
0.4045	0.83637975	
0.4055	0.83556975	
0.4065	0.83475775	
0.4075	0.83394375	
0.4085	0.83312775	
0.4095	0.83230975	
0.4105	0.83148975	
0.4115	0.83066775	
0.4125	0.82984375	
0.4135	0.82901775	
0.4145	0.82818975	
0.4155	0.82735975	
0.4165	0.82652775	
0.4175	0.82569375	
0.4185	0.82485775	
0.4195	0.82401975	
0.4205	0.82317975	
0.4215	0.82233775	
0.4225	0.82149375	
0.4235	0.82064775	
0.4245	0.81979975	
0.4255	0.81894975	
0.4265	0.81809775	
0.4275	0.81724375	
0.4285	0.81638775	
0.4295	0.81552975	
0.4305	0.81466975	
0.4315	0.81380775	
0.4325	0.81294375	
0.4335	0.81207775	
0.4345	0.81120975	
0.4355	0.81033975	
0.4365	0.80946775	
0.4375	0.80859375	
0.4385	0.80771775	
0.4395	0.80683975	
0.4405	0.80595975	
0.4415	0.80507775	
0.4425	0.80419375	
0.4435	0.80330775	
0.4445	0.80241975	
0.4455	0.80152975	
0.4465	0.80063775	
0.4475	0.79974375	
0.4485	0.79884775	
0.4495	0.79794975	
0.4505	0.79704975	
0.4515	0.79614775	
0.4525	0.79524375	
0.4535	0.79433775	
0.4545	0.79342975	
0.4555	0.79251975	
0.4565	0.79160775	
0.4575	0.79069375	
0.4585	0.78977775	
0.4595	0.78885975	
0.4605	0.78793975	
0.4615	0.78701775	
0.4625	0.78609375	
0.4635	0.78516775	
0.4645	0.78423975	
0.4655	0.78330975	
0.4665	0.78237775	
0.4675	0.78144375	
0.4685	0.78050775	
0.4695	0.77956975	
0.4705	0.77862975	
0.4715	0.77768775	
0.4725	0.77674375	
0.4735	0.77579775	
0.4745	0.77484975	
0.4755	0.77389975	
0.4765	0.77294775	
0.4775	0.77199375	
0.4785	0.77103775	
0.4795	0.77007975	
0.4805	0.76911975	
0.4815	0.76815775	
0.4825	0.76719375	
0.4835	0.76622775	
0.4845	0.76525975	
0.4855	0.76428975	
0.4865	0.76331775	
0.4875	0.76234375	
0.4885	0.76136775	
0.4895	0.76038975	
0.4905	0.75940975	
0.4915	0.75842775	
0.4925	0.75744375	
0.4935	0.75645775	
0.4945	0.75546975	
0.4955	0.75447975	
0.4965	0.75348775	
0.4975	0.75249375	
0.4985	0.75149775	
0.4995	0.75049975	
0.5005	0.74949975	
0.5015	0.74849775	
0.5025	0.74749375	
0.5035	0.74648775	
0.5045	0.74547975	
0.5055	0.74446975	
0.5065	0.74345775	
0.5075	0.74244375	
0.5085	0.74142775	
0.5095	0.74040975	
0.5105	0.73938975	
0.5115	0.73836775	
0.5125	0.73734375	
0.5135	0.73631775	
0.5145	0.73528975	
0.5155	0.73425975	
0.5165	0.73322775	
0.5175	0.73219375	
0.5185	0.73115775	
0.5195	0.73011975	
0.5205	0.72907975	
0.5215	0.72803775	
0.5225	0.72699375	
0.5235	0.72594775	
0.5245	0.72489975	
0.5255	0.72384975	
0.5265	0.72279775	
0.5275	0.72174375	
0.5285	0.72068775	
0.5295	0.71962975	
0.5305	0.71856975	
0.5315	0.71750775	
0.5325	0.71644375	
0.5335	0.71537775	
0.5345	0.71430975	
0.5355	0.71323975	
0.5365	0.71216775	
0.5375	0.71109375	
0.5385	0.71001775	
0.5395	0.70893975	
0.5405	0.70785975	
0.5415	0.70677775	
0.5425	0.70569375	
0.5435	0.70460775	
0.5445	0.70351975	
0.5455	0.70242975	
0.5465	0.70133775	
0.5475	0.70024375	
0.5485	0.69914775	
0.5495	0.69804975	
0.5505	0.69694975	
0.5515	0.69584775	
0.5525	0.69474375	
0.5535	0.69363775	
0.5545	0.69252975	
0.5555	0.69141975	
0.5565	0.69030775	
0.5575	0.68919375	
0.5585	0.68807775	
0.5595	0.68695975	
0.5605	0.68583975	
0.5615	0.68471775	
0.5625	0.68359375	
0.5635	0.68246775	
0.5645	0.68133975	
0.5655	0.68020975	
0.5665	0.67907775	
0.5675	0.67794375	
0.5685	0.67680775	
0.5695	0.67566975	
0.5705	0.67452975	
0.5715	0.67338775	
0.5725	0.67224375	
0.5735	0.67109775	
0.5745	0.66994975	
0.5755	0.66879975	
0.5765	0.66764775	
0.5775	0.66649375	
0.5785	0.66533775	
0.5795	0.66417975	
0.5805	0.66301975	
0.5815	0.66185775	
0.5825	0.66069375	
0.5835	0.65952775	
0.5845	0.65835975	
0.5855	0.65718975	
0.5865	0.65601775	
0.5875	0.65484375	
0.5885	0.65366775	
0.5895	0.65248975	
0.5905	0.65130975	
0.5915	0.65012775	
0.5925	0.64894375	
0.5935	0.64775775	
0.5945	0.64656975	
0.5955	0.64537975	
0.5965	0.64418775	
0.5975	0.64299375	
0.5985	0.64179775	
0.5995	0.64059975	
0.6005	0.63939975	
0.6015	0.63819775	
0.6025	0.63699375	
0.6035	0.63578775	
0.6045	0.63457975	
0.6055	0.63336975	
0.6065	0.63215775	
0.6075	0.63094375	
0.6085	0.62972775	
0.6095	0.62850975	
0.6105	0.62728975	
0.6115	0.62606775	
0.6125	0.62484375	
0.6135	0.62361775	
0.6145	0.62238975	
0.6155	0.62115975	
0.6165	0.61992775	
0.6175	0.61869375	
0.6185	0.61745775	
0.6195	0.61621975	
0.6205	0.61497975	
0.6215	0.61373775	
0.6225	0.61249375	
0.6235	0.61124775	
0.6245	0.60999975	
0.6255	0.60874975	
0.6265	0.60749775	
0.6275	0.60624375	
0.6285	0.60498775	
0.6295	0.60372975	
0.6305	0.60246975	
0.6315	0.60120775	
0.6325	0.59994375	
0.6335	0.59867775	
0.6345	0.59740975	
0.6355	0.59613975	
0.6365	0.59486775	
0.6375	0.59359375	
0.6385	0.59231775	
0.6395	0.59103975	
0.6405	0.58975975	
0.6415	0.58847775	
0.6425	0.58719375	
0.6435	0.58590775	
0.6445	0.58461975	
0.6455	0.58332975	
0.6465	0.58203775	
0.6475	0.58074375	
0.6485	0.57944775	
0.6495	0.57814975	
0.6505	0.57684975	
0.6515	0.57554775	
0.6525	0.57424375	
0.6535	0.57293775	
0.6545	0.57162975	
0.6555	0.57031975	
0.6565	0.56900775	
0.6575	0.56769375	
0.6585	0.56637775	
0.6595	0.56505975	
0.6605	0.56373975	
0.6615	0.56241775	
0.6625	0.56109375	
0.6635	0.55976775	
0.6645	0.55843975	
0.6655	0.55710975	
0.6665	0.55577775	
0.6675	0.55444375	
0.6685	0.55310775	
0.6695	0.55176975	
0.6705	0.55042975	
0.6715	0.54908775	
0.6725	0.54774375	
0.6735	0.54639775	
0.6745	0.54504975	
0.6755	0.54369975	
0.6765	0.54234775	
0.6775	0.54099375	
0.6785	0.53963775	
0.6795	0.53827975	
0.6805	0.53691975	
0.6815	0.53555775	
0.6825	0.53419375	
0.6835	0.53282775	
0.6845	0.53145975	
0.6855	0.53008975	
0.6865	0.52871775	
0.6875	0.52734375	
0.6885	0.52596775	
0.6895	0.52458975	
0.6905	0.52320975	
0.6915	0.52182775	
0.6925	0.52044375	
0.6935	0.51905775	
0.6945	0.51766975	
0.6955	0.51627975	
0.6965	0.51488775	
0.6975	0.51349375	
0.6985	0.51209775	
0.6995	0.51069975	
0.7005	0.50929975	
0.7015	0.50789775	
0.7025	0.50649375	
0.7035	0.50508775	
0.7045	0.50367975	
0.7055	0.50226975	
0.7065	0.50085775	
0.7075	0.49944375	
0.7085	0.49802775	
0.7095	0.49660975	
0.7105	0.49518975	
0.7115	0.49376775	
0.7125	0.49234375	
0.7135	0.49091775	
0.7145	0.48948975	
0.7155	0.48805975	
0.7165	0.48662775	
0.7175	0.48519375	
0.7185	0.48375775	
0.7195	0.48231975	
0.7205	0.48087975	
0.7215	0.47943775	
0.7225	0.47799375	
0.7235	0.47654775	
0.7245	0.47509975	
0.7255	0.47364975	
0.7265	0.47219775	
0.7275	0.47074375	
0.7285	0.46928775	
0.7295	0.46782975	
0.7305	0.46636975	
0.7315	0.46490775	
0.7325	0.46344375	
0.7335	0.46197775	
0.7345	0.46050975	
0.7355	0.45903975	
0.7365	0.45756775	
0.7375	0.45609375	
0.7385	0.45461775	
0.7395	0.45313975	
0.7405	0.45165975	
0.7415	0.45017775	
0.7425	0.44869375	
0.7435	0.44720775	
0.7445	0.44571975	
0.7455	0.44422975	
0.7465	0.44273775	
0.7475	0.44124375	
0.7485	0.43974775	
0.7495	0.43824975	
0.7505	0.43674975	
0.7515	0.43524775	
0.7525	0.43374375	
0.7535	0.43223775	
0.7545	0.43072975	
0.7555	0.42921975	
0.7565	0.42770775	
0.7575	0.42619375	
0.7585	0.42467775	
0.7595	0.42315975	
0.7605	0.42163975	
0.7615	0.42011775	
0.7625	0.41859375	
0.7635	0.41706775	
0.7645	0.41553975	
0.7655	0.41400975	
0.7665	0.41247775	
0.7675	0.41094375	
0.7685	0.40940775	
0.7695	0.40786975	
0.7705	0.40632975	
0.7715	0.40478775	
0.7725	0.40324375	
0.7735	0.40169775	
0.7745	0.40014975	
0.7755	0.39859975	
0.7765	0.39704775	
0.7775	0.39549375	
0.7785	0.39393775	
0.7795	0.39237975	
0.7805	0.39081975	
0.7815	0.38925775	
0.7825	0.38769375	
0.7835	0.38612775	
0.7845	0.38455975	
0.7855	0.38298975	
0.7865	0.38141775	
0.7875	0.37984375	
0.7885	0.37826775	
0.7895	0.37668975	
0.7905	0.37510975	
0.7915	0.37352775	
0.7925	0.37194375	
0.7935	0.37035775	
0.7945	0.36876975	
0.7955	0.36717975	
0.7965	0.36558775	
0.7975	0.36399375	
0.7985	0.36239775	
0.7995	0.36079975	
0.8005	0.35919975	
0.8015	0.35759775	
0.8025	0.35599375	
0.8035	0.35438775	
0.8045	0.35277975	
0.8055	0.35116975	
0.8065	0.34955775	
0.8075	0.34794375	
0.8085	0.34632775	
0.8095	0.34470975	
0.8105	0.34308975	
0.8115	0.34146775	
0.8125	0.33984375	
0.8135	0.33821775	
0.8145	0.33658975	
0.8155	0.33495975	
0.8165	0.33332775	
0.8175	0.33169375	
0.8185	0.33005775	
0.8195	0.32841975	
0.8205	0.32677975	
0.8215	0.32513775	
0.8225	0.32349375	
0.8235	0.32184775	
0.8245	0.32019975	
0.8255	0.31854975	
0.8265	0.31689775	
0.8275	0.31524375	
0.8285	0.31358775	
0.8295	0.31192975	
0.8305	0.31026975	
0.8315	0.30860775	
0.8325	0.30694375	
0.8335	0.30527775	
0.8345	0.30360975	
0.8355	0.30193975	
0.8365	0.30026775	
0.8375	0.29859375	
0.8385	0.29691775	
0.8395	0.29523975	
0.8405	0.29355975	
0.8415	0.29187775	
0.8425	0.29019375	
0.8435	0.28850775	
0.8445	0.28681975	
0.8455	0.28512975	
0.8465	0.28343775	
0.8475	0.28174375	
0.8485	0.28004775	
0.8495	0.27834975	
0.8505	0.27664975	
0.8515	0.27494775	
0.8525	0.27324375	
0.8535	0.27153775	
0.8545	0.26982975	
0.8555	0.26811975	
0.8565	0.26640775	
0.8575	0.26469375	
0.8585	0.26297775	
0.8595	0.26125975	
0.8605	0.25953975	
0.8615	0.25781775	
0.8625	0.25609375	
0.8635	0.25436775	
0.8645	0.25263975	
0.8655	0.25090975	
0.8665	0.24917775	
0.8675	0.24744375	
0.8685	0.24570775	
0.8695	0.24396975	
0.8705	0.24222975	
0.8715	0.24048775	
0.8725	0.23874375	
0.8735	0.23699775	
0.8745	0.23524975	
0.8755	0.23349975	
0.8765	0.23174775	
0.8775	0.22999375	
0.8785	0.22823775	
0.8795	0.22647975	
0.8805	0.22471975	
0.8815	0.22295775	
0.8825	0.22119375	
0.8835	0.21942775	
0.8845	0.21765975	
0.8855	0.21588975	
0.8865	0.21411775	
0.8875	0.21234375	
0.8885	0.21056775	
0.8895	0.20878975	
0.8905	0.20700975	
0.8915	0.20522775	
0.8925	0.20344375	
0.8935	0.20165775	
0.8945	0.19986975	
0.8955	0.19807975	
0.8965	0.19628775	
0.8975	0.19449375	
0.8985	0.19269775	
0.8995	0.19089975	
0.9005	0.18909975	
0.9015	0.18729775	
0.9025	0.18549375	
0.9035	0.18368775	
0.9045	0.18187975	
0.9055	0.18006975	
0.9065	0.17825775	
0.9075	0.17644375	
0.9085	0.17462775	
0.9095	0.17280975	
0.9105	0.17098975	
0.9115	0.16916775	
0.9125	0.16734375	
0.9135	0.16551775	
0.9145	0.16368975	
0.9155	0.16185975	
0.9165	0.16002775	
0.9175	0.15819375	
0.9185	0.15635775	
0.9195	0.15451975	
0.9205	0.15267975	
0.9215	0.15083775	
0.9225	0.14899375	
0.9235	0.14714775	
0.9245	0.14529975	
0.9255	0.14344975	
0.9265	0.14159775	
0.9275	0.13974375	
0.9285	0.13788775	
0.9295	0.13602975	
0.9305	0.13416975	
0.9315	0.13230775	
0.9325	0.13044375	
0.9335	0.12857775	
0.9345	0.12670975	
0.9355	0.12483975	
0.9365	0.12296775	
0.9375	0.12109375	
0.9385	0.11921775	
0.9395	0.11733975	
0.9405	0.11545975	
0.9415	0.11357775	
0.9425	0.11169375	
0.9435	0.10980775	
0.9445	0.10791975	
0.9455	0.10602975	
0.9465	0.10413775	
0.9475	0.10224375	
0.9485	0.10034775	
0.9495	0.09844975	
0.9505	0.09654975	
0.9515	0.09464775	
0.9525	0.09274375	
0.9535	0.09083775	
0.9545	0.08892975	
0.9555	0.08701975	
0.9565	0.08510775	
0.9575	0.08319375	
0.9585	0.08127775	
0.9595	0.07935975	
0.9605	0.07743975	
0.9615	0.07551775	
0.9625	0.07359375	
0.9635	0.07166775	
0.9645	0.06973975	
0.9655	0.06780975	
0.9665	0.06587775	
0.9675	0.06394375	
0.9685	0.06200775	
0.9695	0.06006975	
0.9705	0.05812975	
0.9715	0.05618775	
0.9725	0.05424375	
0.9735	0.05229775	
0.9745	0.05034975	
0.9755	0.04839975	
0.9765	0.04644775	
0.9775	0.04449375	
0.9785	0.04253775	
0.9795	0.04057975	
0.9805	0.03861975	
0.9815	0.03665775	
0.9825	0.03469375	
0.9835	0.03272775	
0.9845	0.03075975	
0.9855	0.02878975	
0.9865	0.02681775	
0.9875	0.02484375	
0.9885	0.02286775	
0.9895	0.02088975	
0.9905	0.01890975	
0.9915	0.01692775	
0.9925	0.01494375	
0.9935	0.01295775	
0.9945	0.01096975	
0.9955	0.00897975	
0.9965	0.00698775	
0.9975	0.00499375	
0.9985	0.00299775	
0.9995	0.0009997500001