1
1.0015
1.003
1.0045
1.006
1.0075
1.009
1.0105
1.012
1.0135
1.015
1.0165
1.018
1.0195
1.021
1.0225
1.024
1.0255
1.027
1.0285
1.03
1.0315
1.033
1.0345
1.036
1.0375
1.039
1.0405
1.042
1.0435
1.045
1.0465
1.048
1.0495
1.051
1.0525
1.054
1.0555
1.057
1.0585
1.06
1.0615
1.063
1.0645
1.066
1.0675
1.069
1.0705
1.072
1.0735
1.075
1.0765
1.078
1.0795
1.081
1.0825
1.084
1.0855
1.087
1.0885
1.09
1.0915
1.093
1.0945
1.096
1.0975
1.099
1.1005
1.102
1.1035
1.105
1.1065
1.108
1.1095
1.111
1.1125
1.114
1.1155
1.117
1.1185
1.12
1.1215
1.123
1.1245
1.126
1.1275
1.129
1.1305
1.132
1.1335
1.135
1.1365
1.138
1.1395
1.141
1.1425
1.144
1.1455
1.147
1.1485
1.15
1.1515
1.153
1.1545
1.156
1.1575
1.159
1.1605
1.162
1.1635
1.165
1.1665
1.168
1.1695
1.171
1.1725
1.174
1.1755
1.177
1.1785
1.18
1.1815
1.183
1.1845
1.186
1.1875
1.189
1.1905
1.192
1.1935
1.195
1.1965
1.198
1.1995
1.201
1.2025
1.204
1.2055
1.207
1.2085
1.21
1.2115
1.213
1.2145
1.216
1.2175
1.219
1.2205
1.222
1.2235
1.225
1.2265
1.228
1.2295
1.231
1.2325
1.234
1.2355
1.237
1.2385
1.24
1.2415
1.243
1.2445
1.246
1.2475
1.249
1.2505
1.252
1.2535
1.255
1.2565
1.258
1.2595
1.261
1.2625
1.264
1.2655
1.267
1.2685
1.27
1.2715
1.273
1.2745
1.276
1.2775
1.279
1.2805
1.282
1.2835
1.285
1.2865
1.288
1.2895
1.291
1.2925
1.294
1.2955
1.297
1.2985
1.3
1.3015
1.303
1.3045
1.306
1.3075
1.309
1.3105
1.312
1.3135
1.315
1.3165
1.318
1.3195
1.321
1.3225
1.324
1.3255
1.327
1.3285
1.33
1.3315
1.333
1.3345
1.336
1.3375
1.339
1.3405
1.342
1.3435
1.345
1.3465
1.348
1.3495
1.351
1.3525
1.354
1.3555
1.357
1.3585
1.36
1.3615
1.363
1.3645
1.366
1.3675
1.369
1.3705
1.372
1.3735
1.375
1.3765
1.378
1.3795
1.381
1.3825
1.384
1.3855
1.387
1.3885
1.39
1.3915
1.393
1.3945
1.396
1.3975
1.399
1.4005
1.402
1.4035
1.405
1.4065
1.408
1.4095
1.411
1.4125
1.414
1.4155
1.417
1.4185
1.42
1.4215
1.423
1.4245
1.426
1.4275
1.429
1.4305
1.432
1.4335
1.435
1.4365
1.438
1.4395
1.441
1.4425
1.444
1.4455
1.447
1.4485
1.45
1.4515
1.453
1.4545
1.456
1.4575
1.459
1.4605
1.462
1.4635
1.465
1.4665
1.468
1.4695
1.471
1.4725
1.474
1.4755
1.477
1.4785
1.48
1.4815
1.483
1.4845
1.486
1.4875
1.489
1.4905
1.492
1.4935
1.495
1.4965
1.498
1.4995
1.501
1.5025
1.504
1.5055
1.507
1.5085
1.51
1.5115
1.513
1.5145
1.516
1.5175
1.519
1.5205
1.522
1.5235
1.525
1.5265
1.528
1.5295
1.531
1.5325
1.534
1.5355
1.537
1.5385
1.54
1.5415
1.543
1.5445
1.546
1.5475
1.549
1.5505
1.552
1.5535
1.555
1.5565
1.558
1.5595
1.561
1.5625
1.564
1.5655
1.567
1.5685
1.57
1.5715
1.573
1.5745
1.576
1.5775
1.579
1.5805
1.582
1.5835
1.585
1.5865
1.588
1.5895
1.591
1.5925
1.594
1.5955
1.597
1.5985
1.6
1.6015
1.603
1.6045
1.606
1.6075
1.609
1.6105
1.612
1.6135
1.615
1.6165
1.618
1.6195
1.621
1.6225
1.624
1.6255
1.627
1.6285
1.63
1.6315
1.633
1.6345
1.636
1.6375
1.639
1.6405
1.642
1.6435
1.645
1.6465
1.648
1.6495
1.651
1.6525
1.654
1.6555
1.657
1.6585
1.66
1.6615
1.663
1.6645
1.666
1.6675
1.669
1.6705
1.672
1.6735
1.675
1.6765
1.678
1.6795
1.681
1.6825
1.684
1.6855
1.687
1.6885
1.69
1.6915
1.693
1.6945
1.696
1.6975
1.699
1.7005
1.702
1.7035
1.705
1.7065
1.708
1.7095
1.711
1.7125
1.714
1.7155
1.717
1.7185
1.72
1.7215
1.723
1.7245
1.726
1.7275
1.729
1.7305
1.732
1.7335
1.735
1.7365
1.738
1.7395
1.741
1.7425
1.744
1.7455
1.747
1.7485
1.75
1.7515
1.753
1.7545
1.756
1.7575
1.759
1.7605
1.762
1.7635
1.765
1.7665
1.768
1.7695
1.771
1.7725
1.774
1.7755
1.777
1.7785
1.78
1.7815
1.783
1.7845
1.786
1.7875
1.789
1.7905
1.792
1.7935
1.795
1.7965
1.798
1.7995
1.801
1.8025
1.804
1.8055
1.807
1.8085
1.81
1.8115
1.813
1.8145
1.816
1.8175
1.819
1.8205
1.822
1.8235
1.825
1.8265
1.828
1.8295
1.831
1.8325
1.834
1.8355
1.837
1.8385
1.84
1.8415
1.843
1.8445
1.846
1.8475
1.849
1.8505
1.852
1.8535
1.855
1.8565
1.858
1.8595
1.861
1.8625
1.864
1.8655
1.867
1.8685
1.87
1.8715
1.873
1.8745
1.876
1.8775
1.879
1.8805
1.882
1.8835
1.885
1.8865
1.888
1.8895
1.891
1.8925
1.894
1.8955
1.897
1.8985
1.9
1.9015
1.903
1.9045
1.906
1.9075
1.909
1.9105
1.912
1.9135
1.915
1.9165
1.918
1.9195
1.921
1.9225
1.924
1.9255
1.927
1.9285
1.93
1.9315
1.933
1.9345
1.936
1.9375
1.939
1.9405
1.942
1.9435
1.945
1.9465
1.948
1.9495
1.951
1.9525
1.954
1.9555
1.957
1.9585
1.96
1.9615
1.963
1.9645
1.966
1.9675
1.969
1.9705
1.972
1.9735
1.975
1.9765
1.978
1.9795
1.981
1.9825
1.984
1.9855
1.987
1.9885
1.99
1.9915
1.993
1.9945
1.996
1.9975
1.999
4
4.0015
4.003
4.0045
4.006
4.0075
4.009
4.0105
4.012
4.0135
4.015
4.0165
4.018
4.0195
4.021
4.0225
4.024
4.0255
4.027
4.0285
4.03
4.0315
4.033
4.0345
4.036
4.0375
4.039
4.0405
4.042
4.0435
4.045
4.0465
4.048
4.0495
4.051
4.0525
4.054
4.0555
4.057
4.0585
4.06
4.0615
4.063
4.0645
4.066
4.0675
4.069
4.0705
4.072
4.0735
4.075
4.0765
4.078
4.0795
4.081
4.0825
4.084
4.0855
4.087
4.0885
4.09
4.0915
4.093
4.0945
4.096
4.0975
4.099
4.1005
4.102
4.1035
4.105
4.1065
4.108
4.1095
4.111
4.1125
4.114
4.1155
4.117
4.1185
4.12
4.1215
4.123
4.1245
4.126
4.1275
4.129
4.1305
4.132
4.1335
4.135
4.1365
4.138
4.1395
4.141
4.1425
4.144
4.1455
4.147
4.1485
4.15
4.1515
4.153
4.1545
4.156
4.1575
4.159
4.1605
4.162
4.1635
4.165
4.1665
4.168
4.1695
4.171
4.1725
4.174
4.1755
4.177
4.1785
4.18
4.1815
4.183
4.1845
4.186
4.1875
4.189
4.1905
4.192
4.1935
4.195
4.1965
4.198
4.1995
4.201
4.2025
4.204
4.2055
4.207
4.2085
4.21
4.2115
4.213
4.2145
4.216
4.2175
4.219
4.2205
4.222
4.2235
4.225
4.2265
4.228
4.2295
4.231
4.2325
4.234
4.2355
4.237
4.2385
4.24
4.2415
4.243
4.2445
4.246
4.2475
4.249
4.2505
4.252
4.2535
4.255
4.2565
4.258
4.2595
4.261
4.2625
4.264
4.2655
4.267
4.2685
4.27
4.2715
4.273
4.2745
4.276
4.2775
4.279
4.2805
4.282
4.2835
4.285
4.2865
4.288
4.2895
4.291
4.2925
4.294
4.2955
4.297
4.2985
4.3
4.3015
4.303
4.3045
4.306
4.3075
4.309
4.3105
4.312
4.3135
4.315
4.3165
4.318
4.3195
4.321
4.3225
4.324
4.3255
4.327
4.3285
4.33
4.3315
4.333
4.3345
4.336
4.3375
4.339
4.3405
4.342
4.3435
4.345
4.3465
4.348
4.3495
4.351
4.3525
4.354
4.3555
4.357
4.3585
4.36
4.3615
4.363
4.3645
4.366
4.3675
4.369
4.3705
4.372
4.3735
4.375
4.3765
4.378
4.3795
4.381
4.3825
4.384
4.3855
4.387
4.3885
4.39
4.3915
4.393
4.3945
4.396
4.3975
4.399
4.4005
4.402
4.4035
4.405
4.4065
4.408
4.4095
4.411
4.4125
4.414
4.4155
4.417
4.4185
4.42
4.4215
4.423
4.4245
4.426
4.4275
4.429
4.4305
4.432
4.4335
4.435
4.4365
4.438
4.4395
4.441
4.4425
4.444
4.4455
4.447
4.4485
4.45
4.4515
4.453
4.4545
4.456
4.4575
4.459
4.4605
4.462
4.4635
4.465
4.4665
4.468
4.4695
4.471
4.4725
4.474
4.4755
4.477
4.4785
4.48
4.4815
4.483
4.4845
4.486
4.4875
4.489
4.4905
4.492
4.4935
4.495
4.4965
4.498
4.4995
4.501
4.5025
4.504
4.5055
4.507
4.5085
4.51
4.5115
4.513
4.5145
4.516
4.5175
4.519
4.5205
4.522
4.5235
4.525
4.5265
4.528
4.5295
4.531
4.5325
4.534
4.5355
4.537
4.5385
4.54
4.5415
4.543
4.5445
4.546
4.5475
4.549
4.5505
4.552
4.5535
4.555
4.5565
4.558
4.5595
4.561
4.5625
4.564
4.5655
4.567
4.5685
4.57
4.5715
4.573
4.5745
4.576
4.5775
4.579
4.5805
4.582
4.5835
4.585
4.5865
4.588
4.5895
4.591
4.5925
4.594
4.5955
4.597
4.5985
4.6
4.6015
4.603
4.6045
4.606
4.6075
4.609
4.6105
4.612
4.6135
4.615
4.6165
4.618
4.6195
4.621
4.6225
4.624
4.6255
4.627
4.6285
4.63
4.6315
4.633
4.6345
4.636
4.6375
4.639
4.6405
4.642
4.6435
4.645
4.6465
4.648
4.6495
4.651
4.6525
4.654
4.6555
4.657
4.6585
4.66
4.6615
4.663
4.6645
4.666
4.6675
4.669
4.6705
4.672
4.6735
4.675
4.6765
4.678
4.6795
4.681
4.6825
4.684
4.6855
4.687
4.6885
4.69
4.6915
4.693
4.6945
4.696
4.6975
4.699
4.7005
4.702
4.7035
4.705
4.7065
4.708
4.7095
4.711
4.7125
4.714
4.7155
4.717
4.7185
4.72
4.7215
4.723
4.7245
4.726
4.7275
4.729
4.7305
4.732
4.7335
4.735
4.7365
4.738
4.7395
4.741
4.7425
4.744
4.7455
4.747
4.7485
4.75
4.7515
4.753
4.7545
4.756
4.7575
4.759
4.7605
4.762
4.7635
4.765
4.7665
4.768
4.7695
4.771
4.7725
4.774
4.7755
4.777
4.7785
4.78
4.7815
4.783
4.7845
4.786
4.7875
4.789
4.7905
4.792
4.7935
4.795
4.7965
4.798
4.7995
4.801
4.8025
4.804
4.8055
4.807
4.8085
4.81
4.8115
4.813
4.8145
4.816
4.8175
4.819
4.8205
4.822
4.8235
4.825
4.8265
4.828
4.8295
4.831
4.8325
4.834
4.8355
4.837
4.8385
4.84
4.8415
4.843
4.8445
4.846
4.8475
4.849
4.8505
4.852
4.8535
4.855
4.8565
4.858
4.8595
4.861
4.8625
4.864
4.8655
4.867
4.8685
4.87
4.8715
4.873
4.8745
4.876
4.8775
4.879
4.8805
4.882
4.8835
4.885
4.8865
4.888
4.8895
4.891
4.8925
4.894
4.8955
4.897
4.8985
4.9
4.9015
4.903
4.9045
4.906
4.9075
4.909
4.9105
4.912
4.9135
4.915
4.9165
4.918
4.9195
4.921
4.9225
4.924
4.9255
4.927
4.9285
4.93
4.9315
4.933
4.9345
4.936
4.9375
4.939
4.9405
4.942
4.9435
4.945
4.9465
4.948
4.9495
4.951
4.9525
4.954
4.9555
4.957
4.9585
4.96
4.9615
4.963
4.9645
4.966
4.9675
4.969
4.9705
4.972
4.9735
4.975
4.9765
4.978
4.9795
4.981
4.9825
4.984
4.9855
4.987
4.9885
4.99
4.9915
4.993
4.9945
4.996
4.9975
4.999
5.0005
