0.9999999965	3.53254509e-08	
0.9999999434	5.662192571e-07	
0.999999713	2.869935906e-06	
0.9999990924	9.076004556e-06	
0.9999977841	2.215881911e-05	
0.9999954076	4.592263499e-05	
0.9999915018	8.497895006e-05	
0.9999855274	0.0001447162854	
0.9999768714	0.000231262424	
0.9999648505	0.0003514392104	
0.9999487172	0.0005127100681	
0.9999276644	0.0007231204439	
0.9999008326	0.0009912314528	
0.9998673161	0.00132604706	
0.9998261706	0.001736935207	
0.9997764209	0.002233543368	
0.9997170691	0.002825709088	
0.9996471035	0.003523366137	
0.9995655068	0.004336447004	
0.9994712655	0.0052747825	
0.9993633794	0.006347999347	
0.9992408703	0.007565416663	
0.999102792	0.008935942341	
0.998948239	0.01046797033	
0.9987763561	0.01216927992	
0.9985863471	0.01404693808	
0.998377484	0.01610720597	
0.9981491148	0.0183554507	
0.997900672	0.02079606342	
0.99763168	0.02343238474	
0.9973417625	0.02626663836	
0.9970306484	0.02929987391	
0.9966981784	0.03253191968	
0.9963443096	0.03596134582	
0.9959691206	0.03958543873	
0.9955728147	0.04340018678	
0.9951557233	0.04740027777	
0.9947183078	0.05157910806	
0.9942611609	0.05592880341	
0.9937850069	0.06044025112	
0.9932907016	0.06510314321	
0.9927792304	0.06990602995	
0.9922517066	0.07483638319	
0.9917093675	0.07988066848	
0.9911535711	0.08502442523	
0.9905857908	0.09025235382	
0.9900076095	0.09554840852	
0.9894207134	0.1008958952	
0.9888268846	0.1062775724	
0.9882279925	0.1116757555	
0.9876259857	0.1170724207	
0.9870228824	0.1224493112	
0.98642076	0.1277880403	
0.9858217449	0.1330701944	
0.9852280018	0.1382774322	
0.9846417215	0.1433915807	
0.98406511	0.1483947268	
0.9835003763	0.1532693043	
0.9829497199	0.1579981757	
0.9824153191	0.1625647082	
0.9818993186	0.1669528437	
0.9814038171	0.1711471635	
0.9809308558	0.1751329468	
0.9804824059	0.1788962235	
0.9800603579	0.182423821	
0.9796665098	0.1857034062	
0.9793025569	0.1887235223	
0.9789700814	0.1914736206	
0.9786705431	0.1939440887	
0.9784052703	0.196126274	
0.978175452	0.1980125044	
0.97798213	0.1995961056	
0.977826193	0.2008714159	
0.9777083705	0.2018337988	
0.9776292281	0.2024796533	
0.9775891642	0.2028064226	
0.9775884065	0.2028126015	
0.9776270107	0.202497742	
0.9777048598	0.201862458	
0.9778216641	0.2009084281	
0.9779769624	0.1996383979	
0.9781701248	0.1980561796	
0.9784003559	0.1961666508	
0.9786666988	0.1939757507	
0.9789680408	0.1914904736	
0.9793031196	0.1887188607	
0.9796705303	0.1856699873	
0.9800687337	0.1823539467	
0.9804960648	0.1787818303	
0.9809507426	0.1749657025	
0.9814308804	0.1709185698	
0.9819344964	0.1666543451	
0.9824595255	0.1621878055	
0.9830038308	0.1575345426	
0.9835652164	0.152710907	
0.9841414394	0.1477339453	
0.9847302234	0.1426213293	
0.985329271	0.1373912785	
0.985936277	0.1320624749	
0.9865489415	0.1266539715	
0.9871649829	0.1211850934	
0.9877821501	0.1156753333	
0.9883982357	0.1101442418	
0.9890110873	0.1046113133	
0.9896186196	0.09909586721	
0.9902188253	0.09361692862	
0.9908097855	0.0881931061	
0.9913896796	0.08284247045	
0.9919567944	0.07758243466	
0.992509532	0.07242963684	
0.9930464179	0.06739982749	
0.9935661066	0.0625077626	
0.9940673879	0.05776710407	
0.9945491912	0.05319032865	
0.9950105889	0.0487886469	
0.995450799	0.04457193317	
0.9958691867	0.04054866768	
0.9962652648	0.03672589161	
0.9966386927	0.03310917584	
0.9969892753	0.02970260385	
0.9973169596	0.02650876912	
0.9976218314	0.02352878704	
0.9979041106	0.02076232133	
0.9981641449	0.01820762451	
0.9984024042	0.01586159205	
0.9986194722	0.01371982944	
0.9988160388	0.01177673131	
0.9989928909	0.01002557163	
0.9991509026	0.008458603868	
0.9992910254	0.007067169898	
0.999414277	0.005841816284	
0.9995217303	0.004772416691	
0.999614502	0.003848298988	
0.9996937407	0.003058375667	
0.9997606147	0.002391276235	
0.9998163002	0.001835480225	
0.9998619693	0.00137944957	
0.999898778	0.001011759113	
0.9999278542	0.0007212241247	
0.9999502865	0.0004970237698	
0.9999671132	0.0003288195611	
0.9999793113	0.0002068679143	
0.9999877867	0.0001221260224	
0.9999933648	6.635034003e-05	
0.9999967812	3.218705415e-05	
0.9999986746	1.325399179e-05	
0.9999995787	4.213480314e-06	
0.9999999164	8.35737387e-07	
0.9999999948	5.241904677e-08	
0.9999999947	5.269937808e-08	
0.9999999155	8.446997599e-07	
0.9999995719	4.281438522e-06	
0.999998646	1.35397805e-05	
0.9999966943	3.305691139e-05	
0.999993149	6.850782456e-05	
0.9999873221	0.0001267713118	
0.9999784095	0.0002158844134	
0.9999654961	0.0003449853358	
0.9999475631	0.0005242449101	
0.999923495	0.0007647867377	
0.999892088	0.001078596259	
0.9998520596	0.001478419077	
0.9998020589	0.001977648995	
0.999740677	0.002590206317	
0.9996664591	0.003330407153	
0.9995779168	0.00421282454	
0.9994735403	0.005252142416	
0.9993518122	0.006463003567	
0.9992112208	0.007859852872	
0.9990502736	0.009456777271	
0.9988675116	0.01126734406	
0.9986615229	0.01330443917	
0.998430957	0.01558010734	
0.9981745378	0.01810539583	
0.9978910778	0.02089020395	
0.9975794906	0.02394313998	
0.9972388037	0.02727138765	
0.9968681706	0.030880584	
0.9964668818	0.03477471025	
0.9960343757	0.03895599753	
0.995570248	0.04342484879	
0.995074261	0.04817977817	
0.9945463508	0.05321736887	
0.9939866345	0.05853225023	
0.9933954156	0.06411709458	
0.9927731884	0.06996263378	
0.9921206411	0.0760576956	
0.991438658	0.08238925911	
0.9907283198	0.08894252864	
0.9899909029	0.09570102488	
0.9892278776	0.1026466921	
0.9884409045	0.1097600194	
0.9876318297	0.1170201749	
0.9868026789	0.1244051505	
0.9859556502	0.1318919141	
0.9850931051	0.1394565698	
0.984217559	0.1470745203	
0.9833316704	0.1547206326	
0.9824382284	0.1623694027	
0.9815401399	0.1699951177	
0.9806404155	0.1775720145	
0.9797421543	0.1850744319	
0.9788485289	0.1924769555	
0.9779627682	0.1997545533	
0.9770881408	0.2068827027	
0.9762279376	0.2138375056	
0.9753854538	0.2205957931	
0.974563971	0.2271352183	
0.9737667387	0.2334343382	
0.9729969564	0.2394726835	
0.9722577551	0.2452308179	
0.9715521797	0.2506903868	
0.9708831711	0.2558341561	
0.9702535495	0.2606460425	
0.9696659971	0.2651111357	
0.9691230432	0.2692157132	
0.968627048	0.2729472498	
0.9681801894	0.2762944221	
0.9677844489	0.2792471096	
0.9674416003	0.2817963922	
0.9671531978	0.2839345477	
0.9669205671	0.2856550466	
0.9667447965	0.2869525489	
0.96662673	0.2878229002	
0.9665669616	0.2882631305	
0.9665658313	0.288271454	
0.9666234221	0.2878472718	
0.9667395593	0.2869911767	
0.9669138107	0.2857049604	
0.9671454885	0.2839916237	
0.9674336531	0.2818553878	
0.9677771175	0.2793017084	
0.9681744544	0.2763372896	
0.9686240038	0.2729700993	
0.9691238826	0.2692093832	
0.969671995	0.2650656778	
0.9702660446	0.2605508209	
0.9709035477	0.2556779578	
0.9715818474	0.2504615431	
0.9722981288	0.2449173361	
0.9730494356	0.2390623887	
0.9738326869	0.2329150246	
0.9746446951	0.2264948085	
0.9754821839	0.2198225043	
0.9763418077	0.2129200215	
0.9772201702	0.2058103485	
0.9781138441	0.1985174725	
0.9790193907	0.1910662854	
0.9799333788	0.1834824762	
0.9808524045	0.1757924082	
0.9817731098	0.1680229844	
0.9826922015	0.1602014982	
0.9836064686	0.1523554738	
0.9845128003	0.144512495	
0.985408202	0.1367000259	
0.986289811	0.1289452242	
0.9871549114	0.1212747497	
0.9880009472	0.1137145709	
0.9888255349	0.1062897711	
0.9896264744	0.09902435809	
0.9904017589	0.09194107877	
0.9911495828	0.08506124282	
0.9918683488	0.07840455724	
0.9925566732	0.07198897476	
0.9932133895	0.06583055848	
0.9938375507	0.05994336507	
0.9944284297	0.0543393483	
0.9949855188	0.04902828472	
0.9955085265	0.04401772263	
0.9959973741	0.0393129552	
0.9964521894	0.03491701832	
0.9968733004	0.03083071318	
0.9972612261	0.02705265314	
0.9976166671	0.02357933437	
0.9979404945	0.02040522891	
0.9982337374	0.01752289896	
0.9984975697	0.01492313038	
0.9987332955	0.01259508378	
0.9989423341	0.01052646066	
0.9991262039	0.00870368255	
0.9992865055	0.007112080634	
0.9994249046	0.005736093385	
0.9995431148	0.004559469812	
0.999642879	0.003565475894	
0.9997259521	0.002737101908	
0.9997940824	0.002057268458	
0.9998489945	0.001509029172	
0.9998923711	0.00107576819	
0.9999258362	0.0007413907636	
0.9999509386	0.0004905054414	
0.9999691361	0.0003085965341	
0.9999817799	0.0001821856923	
0.9999901014	9.898162268e-05	
0.9999951982	4.801710043e-05	
0.9999980227	1.977257438e-05	
0.9999993714	6.28576817e-06	
0.9999998753	1.246773454e-06	
0.9999999922	7.820002923e-08	
0.9999999921	7.861823137e-08	
0.999999874	1.260143718e-06	
0.9999993613	6.38714964e-06	
0.9999979801	2.019891833e-05	
0.9999950684	4.931475587e-05	
0.9999897795	0.0001022001147	
0.9999810869	0.0001891152671	
0.9999677907	0.0003220463102	
0.9999485262	0.0005146183446	
0.9999217734	0.0007819907498	
0.9998858679	0.00114073459	
0.9998390142	0.001608692325	
0.9997792989	0.002204820173	
0.9997047065	0.002949013673	
0.9996131355	0.003861917218	
0.9995024155	0.00496471862	
0.9993703258	0.006278930004	
0.9992146144	0.007826156672	
0.9990330175	0.009627855853	
0.9988232797	0.0117050876	
0.9985831747	0.01407826035	
0.9983105258	0.01676687401	
0.9980032269	0.01978926364	
0.9976592628	0.023162347	
0.9972767304	0.02690137946	
0.9968538577	0.0310197198	
0.9963890242	0.03552861052	
0.9958807792	0.04043697617	
0.9953278596	0.04575124306	
0.994729207	0.05147518367	
0.9940839837	0.05760978849	
0.9933915866	0.06415316787	
0.9926516609	0.07110048595	
0.9918641114	0.07844392806	
0.9910291129	0.08617270269	
0.9901471179	0.09427307818	
0.989218864	0.1027284539	
0.9882453779	0.1115194649	
0.9872279786	0.1206241184	
0.9861682785	0.1300179598	
0.9850681818	0.1396742661	
0.9839298818	0.1495642618	
0.9827558559	0.1596573555	
0.9815488581	0.1699213926	
0.9803119105	0.1803229185	
0.9790482921	0.1908274502	
0.977761526	0.2013997502	
0.9764553648	0.2120040991	
0.9751337743	0.2226045628	
0.9738009155	0.2331652506	
0.9724611248	0.2436505601	
0.9711188937	0.2540254065	
0.9697788455	0.2642554341	
0.9684457131	0.2743072063	
0.9671243133	0.284148375	
0.9658195226	0.2937478261	
0.9645362502	0.303075802	
0.9632794121	0.3121040012	
0.9620539037	0.3208056543	
0.9608645729	0.329155579	
0.9597161926	0.337130214	
0.9586134339	0.3447076343	
0.957560839	0.3518675498	
0.9565627955	0.3585912878	
0.9556235104	0.3648617649	
0.9547469854	0.3706634464	
0.9539369932	0.3759822999	
0.9531970554	0.3808057415	
0.9525304207	0.3851225799	
0.9519400453	0.3889229593	
0.9514285752	0.3921983026	
0.9509983292	0.3949412589	
0.950651285	0.3971456543	
0.9503890661	0.3988064497	
0.9502129316	0.399919706	
0.9501237677	0.4004825583	
0.9501220813	0.4004931987	
0.9502079967	0.3999508704	
0.9503812531	0.3988558715	
0.9506412056	0.3972095697	
0.9509868284	0.3950144273	
0.9514167194	0.3922740368	
0.951929108	0.388993165	
0.952521865	0.385177806	
0.953192514	0.3808352419	
0.9539382455	0.375974108	
0.9547559331	0.3706044633	
0.955642151	0.3647378623	
0.9565931939	0.3583874271	
0.957605098	0.3515679169	
0.9586736643	0.3442957924	
0.9597944824	0.336589273	
0.9609629561	0.3284683833	
0.9621743299	0.3199549865	
0.9634237164	0.3110728022	
0.9647061243	0.3018474058	
0.9660164872	0.2923062065	
0.9673496921	0.2824784029	
0.9687006088	0.2723949127	
0.9700641189	0.2620882766	
0.9714351441	0.2515925346	
0.972808675	0.2409430733	
0.9741797987	0.2301764464	
0.975543725	0.219330167	
0.976895813	0.2084424744	
0.9782315954	0.1975520766	
0.9795468015	0.1866978721	
0.9808373796	0.1759186532	
0.9820995167	0.1652527961	
0.9833296569	0.1547379407	
0.9845245183	0.1444106667	
0.9856811068	0.1343061696	
0.986796729	0.1244579432	
0.9878690019	0.1148974737	
0.9888958613	0.1056539506	
0.9898755669	0.09675400017	
0.9908067059	0.08822144592	
0.9916881939	0.08007710092	
0.9925192731	0.07233859556	
0.9932995089	0.06502024402	
0.9940287838	0.05813295192	
0.9947072885	0.05168416679	
0.9953355123	0.04567787198	
0.9959142294	0.04011462416	
0.9964444851	0.03499163324	
0.9969275789	0.03030288333	
0.9973650459	0.02603929201	
0.9977586374	0.02218890517	
0.998110299	0.01873712365	
0.998422148	0.01566695772	
0.9986964494	0.01295930524	
0.9989355912	0.01059324882	
0.9991420585	0.008546367495	
0.9993184074	0.006795058422	
0.9994672381	0.005314864119	
0.9995911686	0.004080801074	
0.9996928071	0.003067685816	
0.9997747263	0.002250454866	
0.9998394365	0.00160447536	
0.9998893606	0.001105843539	
0.999926809	0.0007316686861	
0.9999539564	0.000460340487	
0.9999728189	0.0002717781566	
0.999985233	0.0001476599949	
0.9999928365	7.163233531e-05	
0.9999970503	2.949708583e-05	
0.9999990623	9.377251207e-06	
0.999999814	1.859966935e-06	
0.9999999883	1.16660735e-07	
0.9999999883	1.172846158e-07	
0.999999812	1.879912979e-06	
0.9999990471	9.528494055e-06	
0.9999969866	3.013311039e-05	
0.9999926429	7.356816753e-05	
0.9999847528	0.0001524612061	
0.9999717849	0.0002821150165	
0.9999519494	0.0004804023922	
0.9999232102	0.0007676329041	
0.9998832996	0.001166391171	
0.999829735	0.001701346271	
0.9997598374	0.002399032164	
0.9996707527	0.003287599306	
0.9995594739	0.004396538025	
0.999422866	0.00575637467	
0.9992576911	0.007398342082	
0.9990606365	0.009354026517	
0.9988283424	0.01165499377	
0.9985574316	0.01433239794	
0.9982445396	0.01741657685	
0.9978863451	0.02093663895	
0.9974796007	0.02492004698	
0.9970211645	0.0293922043	
0.9965080305	0.03437605025	
0.9959373591	0.03989167117	
0.9953065072	0.04595593402	
0.9946130572	0.05258214947	
0.9938548447	0.05977977107	
0.9930299855	0.06755413714	
0.9921369009	0.07590626094	
0.9911743407	0.0848326744	
0.9901414056	0.09432532959	
0.9890375662	0.1043715609	
0.9878626805	0.1149541101	
0.9866170091	0.1260512143	
0.9853012272	0.1376367569	
0.983916435	0.1496804788	
0.9824641644	0.1621482456	
0.9809463831	0.1750023681	
0.9793654962	0.1882019675	
0.9777243448	0.2017033804	
0.9760262008	0.2154605946	
0.9742747599	0.2294257073	
0.9724741308	0.2435493977	
0.9706288218	0.2577814043	
0.9687437247	0.2720709984	
0.9668240952	0.2863674451	
0.9648755317	0.3006204448	
0.9629039504	0.3147805464	
0.9609155586	0.3287995283	
0.9589168259	0.3426307401	
0.9569144523	0.3562294022	
0.9549153354	0.3695528596	
0.9529265354	0.3825607894	
0.9509552387	0.3952153603	
0.9490087196	0.4074813454	
0.9470943022	0.4193261899	
0.9452193201	0.4307200355	
0.9433910764	0.441635705	
0.9416168033	0.4520486519	
0.9399036212	0.4619368765	
0.9382584985	0.4712808165	
0.9366882115	0.4800632138	
0.9351993056	0.4882689645	
0.9337980568	0.4958849553	
0.9324904351	0.5028998915	
0.9312820689	0.5093041216	
0.9301782113	0.5150894611	
0.9291837091	0.5202490211	
0.9283029726	0.524777044	
0.9275399488	0.528668749	
0.9268980973	0.5319201924	
0.9263803682	0.5345281416	
0.9259891836	0.5364899687	
0.9257264218	0.5378035622	
0.9255934048	0.5384672599	
0.9255908891	0.5384798039	
0.9257190597	0.5378403181	
0.9259775279	0.536548309	
0.9263653315	0.53460369	
0.9268809401	0.5320068285	
0.927522262	0.528758617	
0.9282866561	0.5248605658	
0.9291709456	0.5203149169	
0.9301714363	0.5151247787	
0.9312839371	0.5092942779	
0.9325037836	0.5028287276	
0.9338258654	0.4957348095	
0.9352446546	0.4880207655	
0.9367542382	0.4796965967	
0.9383483518	0.470774265	
0.9400204158	0.4612678929	
0.9417635737	0.4511939575	
0.9435707311	0.4405714725	
0.9454345967	0.4294221528	
0.9473477246	0.4177705573	
0.9493025563	0.4056442021	
0.9512914643	0.3930736409	
0.9533067952	0.3800925052	
0.9553409132	0.3667375	
0.9573862424	0.3530483511	
0.9594353099	0.3390677	
0.9614807859	0.3248409429	
0.9635155249	0.3104160139	
0.9655326033	0.2958431112	
0.9675253563	0.2811743666	
0.9694874133	0.2664634628	
0.9714127296	0.2517652011	
0.9732956168	0.2371350253	
0.9751307705	0.2226285094	
0.9769132942	0.2083008168	
0.9786387215	0.1942061402	
0.9803030342	0.1803971336	
0.9819026774	0.1669243462	
0.9834345716	0.1538356697	
0.9848961206	0.1411758103	
0.9862852169	0.1289857975	
0.9876002424	0.117302537	
0.9888400668	0.106158421	
0.990004042	0.09558100038	
0.9910919922	0.08559272785	
0.9921042023	0.0762107757	
0.993041402	0.06744693199	
0.9939047465	0.05930757641	
0.9946957951	0.05179373523	
0.9954164863	0.04490121341	
0.9960691104	0.03862079974	
0.9966562799	0.03293854002	
0.9971808973	0.02783607156	
0.9976461214	0.02329101157	
0.998055331	0.01927739119	
0.9984120887	0.01576612648	
0.9987201017	0.01272551749	
0.9989831833	0.01012176654	
0.9992052127	0.007919507231	
0.9993900952	0.006082336203	
0.9995417221	0.004573340072	
0.9996639311	0.003355611094	
0.9997604674	0.002392745675	
0.9998349454	0.001649320837	
0.9998908119	0.001091344634	
0.999931311	0.0006866773338	
0.9999594505	0.0004054209781	
0.9999779703	0.0002202756286	
0.9999893134	0.0001068611931	
0.9999955995	4.400419407e-05	
0.9999986011	1.398918599e-05	
0.9999997225	2.774743491e-06	
0.9999999826	1.740373642e-07	
0.9999999825	1.749680785e-07	
0.9999997195	2.80449942e-06	
0.9999985785	1.42148127e-05	
0.9999955046	4.495301831e-05	
0.9999890246	0.0001097490219	
0.9999772539	0.0002274377172	
0.999957908	0.0004208398683	
0.9999283169	0.0007165999441	
0.9998854431	0.00114497913	
0.9998259035	0.001739601841	
0.9997459944	0.00253715429	
0.9996417195	0.003577034094	
0.9995088207	0.004900950463	
0.9993428123	0.006552475301	
0.9991390172	0.008576546486	
0.9988926052	0.01101892571	
0.9985986343	0.01392561453	
0.9982520922	0.01734223362	
0.9978479409	0.02131337172	
0.9973811609	0.0258819122	
0.9968467974	0.03108834661	
0.9962400061	0.03697008593	
0.9955560997	0.04356078147	
0.9947905937	0.05088966821	
0.993939252	0.05898094414	
0.9929981316	0.06785319934	
0.9919636257	0.07751890856	
0.9908325055	0.08798400038	
0.9896019602	0.09924751507	
0.9882696345	0.1113013618	
0.9868336635	0.124130184	
0.9852927054	0.1377113389	
0.9836459705	0.1520149959	
0.981893247	0.1670043532	
0.9800349236	0.1826359718	
0.9780720077	0.1988602208	
0.9760061406	0.2156218261	
0.9738396073	0.232860511	
0.9715753437	0.2505117151	
0.9692169377	0.2685073764	
0.9667686275	0.2867767583	
0.9642352943	0.3052473035	
0.9616224515	0.3238454967	
0.9589362285	0.3424977165	
0.956183351	0.3611310587	
0.9533711165	0.3796741155	
0.9505073659	0.3980576943	
0.9476004507	0.4162154648	
0.944659197	0.4340845234	
0.9416928651	0.4516058678	
0.9387111062	0.4687247775	
0.9357239158	0.4853910966	
0.9327415839	0.5015594221	
0.929774643	0.5171891977	
0.9268338138	0.5322447203	
0.9239299486	0.5466950651	
0.9210739734	0.5605139373	
0.9182768287	0.5736794601	
0.9155494097	0.5861739081	
0.9129025053	0.5979833972	
0.9103467379	0.6090975402	
0.9078925032	0.6195090778	
0.9055499103	0.6292134955	
0.9033287237	0.6382086329	
0.9012383062	0.6464942953	
0.8992875638	0.6540718725	
0.8974848931	0.6609439714	
0.8958381313	0.6671140679	
0.8943545083	0.672586181	
0.8930406038	0.6773645729	
0.8919023061	0.6814534776	
0.8909447761	0.6848568601	
0.8901724151	0.6875782066	
0.8895888362	0.6896203483	
0.8891968416	0.6909853178	
0.8889984036	0.6916742398	
0.8889946506	0.6916872558	
0.8891858588	0.6910234835	
0.8895714479	0.6896810113	
0.8901499829	0.6876569272	
0.8909191805	0.6849473846	
0.8918759205	0.6815477022	
0.8930162624	0.6774525019	
0.8943354674	0.6726558813	
0.8958280241	0.6671516234	
0.8974876802	0.6609334423	
0.8993074774	0.6539952633	
0.9012797916	0.6463315371	
0.9033963764	0.6379375862	
0.9056484105	0.628809979	
0.9080265485	0.6189469306	
0.910520975	0.6083487225	
0.913121461	0.5970181368	
0.9158174229	0.5849608979	
0.9185979838	0.5721861123	
0.9214520352	0.5587066978	
0.9243683014	0.5445397905	
0.9273354035	0.5297071195	
0.9303419239	0.5142353361	
0.9333764713	0.4981562855	
0.936427744	0.4815072088	
0.9394845934	0.464330863	
0.9425360851	0.4466755485	
0.945571559	0.4285950349	
0.9485806863	0.4101483769	
0.9515535245	0.391399616	
0.9544805696	0.3724173646	
0.9573528039	0.3532742755	
0.9601617416	0.3340463985	
0.9628994692	0.3148124345	
0.9655586821	0.2956528967	
0.9681327172	0.276649194	
0.97061558	0.2578826559	
0.9730019672	0.239433516	
0.9752872848	0.2213798802	
0.9774676597	0.2037966998	
0.9795399478	0.1867547756	
0.9815017353	0.1703198157	
0.9833513361	0.1545515699	
0.9850877829	0.1395030612	
0.9867108139	0.1252199323	
0.988220854	0.1117399216	
0.9896189916	0.0990924807	
0.9909069503	0.08729853883	
0.9920870561	0.07637041875	
0.993162201	0.06631190187	
0.9941358018	0.05711843805	
0.9950117558	0.04877749128	
0.995794393	0.04126900969	
0.9964884257	0.03456600547	
0.9970988948	0.02863522893	
0.9976311147	0.02343791901	
0.9980906161	0.01893061252	
0.9984830878	0.01506599414	
0.9988143167	0.0117937698	
0.9990901289	0.009061547175	
0.9993163297	0.006815708528	
0.9994986441	0.005002262789	
0.9996426594	0.003567665719	
0.9997537674	0.002459599059	
0.9998371105	0.001627701534	
0.9998975281	0.001024246498	
0.9999395073	0.0006047627552	
0.9999671355	0.0003285966028	
0.9999840574	0.0001594143972	
0.9999934352	6.564590445e-05	
0.999997913	2.086934867e-05	
0.9999995861	4.139428363e-06	
0.999999974	2.596332324e-07	
0.9999999739	2.610216869e-07	
0.9999995816	4.183818868e-06	
0.9999978794	2.120594183e-05	
0.9999932937	6.706135545e-05	
0.9999836266	0.0001637223239	
0.9999660668	0.0003392801227	
0.9999372062	0.0006277608264	
0.9998930614	0.001068871915	
0.9998291011	0.001707675176	
0.9997402785	0.002594181404	
0.9996210682	0.003782862785	
0.9994655083	0.005332079622	
0.9992672466	0.007303419249	
0.9990195912	0.009760946613	
0.9987155646	0.01277036809	
0.9983479611	0.01639811256	
0.997909408	0.02071033656	
0.997392428	0.02577186361	
0.996789505	0.03164507084	
0.9960931511	0.03838873965	
0.9952959745	0.0460568902	
0.9943907483	0.05469762259	
0.9933704798	0.06435199012	
0.992228479	0.07505293184	
0.9909584264	0.08682429287	
0.9895544398	0.09967996098	
0.9880111383	0.1136231472	
0.9863237053	0.1286458361	
0.9844879475	0.144728428	
0.982500351	0.1618395923	
0.9803581341	0.1799363432	
0.9780592947	0.1989643468	
0.9756026549	0.2188584575	
0.9729878987	0.2395434781	
0.9702156059	0.2609351294	
0.9672872796	0.2829412071	
0.9642053679	0.3054628997	
0.9609732801	0.328396234	
0.9575953957	0.3516336123	
0.9540770674	0.3750653994	
0.9504246177	0.398581521	
0.9466453288	0.42207303	
0.9427474254	0.4454336036	
0.9387400516	0.468560935	
0.9346332409	0.4913579866	
0.9304378801	0.5137340822	
0.9261656661	0.5356058159	
0.9218290582	0.5568977657	
0.9174412233	0.577543007	
0.9130159761	0.5974834241	
0.9085677146	0.6166698284	
0.9041113501	0.635061894	
0.8996622337	0.652627928	
0.895236078	0.6693444935	
0.8908488764	0.6851959103	
0.8865168186	0.7001736538	
0.8822562042	0.7142756779	
0.8780833548	0.727505685	
0.8740145237	0.7398723637	
0.8700658063	0.7513886157	
0.8662530494	0.762070789	
0.8625917614	0.7719379315	
0.8590970235	0.7810110792	
0.8557834025	0.7893125859	
0.852664866	0.7968655032	
0.8497547003	0.8036930141	
0.8470654317	0.8098179222	
0.8446087517	0.8152621981	
0.8423954463	0.8200465797	
0.8404353311	0.8241902266	
0.8387371904	0.8277104229	
0.8373087236	0.8306223278	
0.8361564963	0.8329387669	
0.835285899	0.8346700637	
0.8347011118	0.8358239057	
0.834405077	0.8364052437	
0.8343994782	0.8364162204	
0.8346847272	0.8358561294	
0.8352599586	0.8347214008	
0.8361230315	0.8330056165	
0.8372705395	0.830699554	
0.8386978278	0.8277912629	
0.840399018	0.8242661747	
0.8423670405	0.8201072512	
0.8445936735	0.8152951752	
0.8470695894	0.8098085872	
0.8497844079	0.803624374	
0.852726755	0.7967180138	
0.8558843285	0.7890639818	
0.8592439685	0.7806362192	
0.8627917335	0.7714086701	
0.8665129805	0.761355885	
0.8703924497	0.750453691	
0.8744143524	0.7386799251	
0.8785624617	0.7260152235	
0.8828202061	0.7124438582	
0.8871707641	0.697954607	
0.8915971602	0.682541642	
0.8960823617	0.6662054141	
0.9006093744	0.6489535126	
0.9051613384	0.6308014735	
0.9097216218	0.6117735067	
0.9142739125	0.5919031149	
0.9188023074	0.5712335732	
0.9232913978	0.5498182417	
0.9277263513	0.5277206839	
0.9320929894	0.5050145704	
0.9363778596	0.4817833485	
0.9405683023	0.45811967	
0.9446525118	0.4341245708	
0.9486195913	0.4099064107	
0.9524596004	0.3855795856	
0.9561635964	0.3612630358	
0.9597236679	0.3370785806	
0.9631329611	0.3131491203	
0.9663856983	0.2895967475	
0.9694771888	0.2665408205	
0.9724038318	0.2440960487	
0.975163112	0.2223706454	
0.9777535862	0.2014645968	
0.9801748639	0.1814680979	
0.9824275791	0.1624601952	
0.9845133553	0.1445076728	
0.9864347638	0.1276642077	
0.9881952749	0.1119698124	
0.9897992026	0.09745057075	
0.9912516443	0.08411866751	
0.9925584141	0.07197269828	
0.9937259717	0.06099824218	
0.9947613467	0.05116867061	
0.9956720596	0.04244616094	
0.9964660384	0.0347828801	
0.997151534	0.02812230048	
0.9977370329	0.02240061073	
0.9982311683	0.01754818426	
0.9986426318	0.01349107083	
0.9989800837	0.01015247985	
0.9992520649	0.00745422765	
0.9994669104	0.005318125793	
0.9996326642	0.003667292052	
0.9997569974	0.002427370256	
0.9998471299	0.001527649764	
0.9999097554	0.0009020792429	
0.9999509719	0.0004901728757	
0.9999762165	0.0002378099448	
0.9999902065	9.793075911e-05	
0.9999968866	3.113326615e-05	
0.9999993825	6.175295863e-06	
0.9999999613	3.873272527e-07	
0.9999999611	3.893985695e-07	
0.9999993758	6.241518484e-06	
0.9999968364	3.16353991e-05	
0.9999899953	0.000100042301	
0.9999755737	0.0002442361549	
0.9999493776	0.0005061084555	
0.9999063226	0.0009363789681	
0.9998404663	0.001594192206	
0.9997450488	0.002546588778	
0.9996125411	0.003867840537	
0.9994347002	0.005638639123	
0.9992026321	0.007945129093	
0.9989068604	0.01087777945	
0.998537402	0.01453009109	
0.9980838475	0.01899714245	
0.9975354476	0.0243739814	
0.9968812032	0.03075387807	
0.9961099597	0.03822646065	
0.9952105043	0.04687576382	
0.9941716664	0.05677822743	
0.9929824186	0.06800069006	
0.9916319797	0.08059842903	
0.990109918	0.09461330328	
0.988406253	0.1100720593	
0.9865115573	0.1269848608	
0.9844170553	0.1453441029	
0.98211472	0.165123564	
0.9795973658	0.1862779468	
0.976858737	0.2087428424	
0.9738935915	0.2324351461	
0.9706977793	0.2572539331	
0.967268314	0.2830817879	
0.9636034381	0.3097865648	
0.9597026802	0.3372235373	
0.9555669053	0.3652378802	
0.9511983557	0.3936674143	
0.9466006838	0.4223455295	
0.9417789754	0.4511041984	
0.936739764	0.4797769853	
0.9314910349	0.5082019593	
0.9260422203	0.5362244214	
0.9204041838	0.5636993689	
0.9145891952	0.5904936281	
0.908610896	0.6164876046	
0.9024842544	0.6415766163	
0.8962255115	0.6656717913	
0.8898521172	0.6887005304	
0.8833826584	0.7106065519	
0.8768367779	0.7313495483	
0.8702350849	0.7509044978	
0.8635990585	0.7692606835	
0.8569509439	0.7864204757	
0.8503136422	0.8023979398	
0.8437105938	0.8172173277	
0.8371656581	0.8309115101	
0.8307029872	0.843520402	
0.8243468975	0.8550894257	
0.8181217376	0.8656680495	
0.8120517549	0.8753084302	
0.8061609608	0.8840641817	
0.8004729959	0.8919892815	
0.795010996	0.8991371221	
0.7897974597	0.9055597071	
0.784854118	0.9113069861	
0.7802018082	0.9164263201	
0.7758603512	0.9209620647	
0.7718484339	0.9249552572	
0.768183498	0.9284433938	
0.7648816344	0.9314602791	
0.761957486	0.9340359363	
0.7594241579	0.9361965617	
0.7572931358	0.9379645119	
0.7555742147	0.9393583116	
0.754275436	0.9403926732	
0.7534030361	0.9410785183	
0.7529614041	0.9414229963	
0.7529530516	0.9414294938	
0.7533785932	0.9410976315	
0.7542367376	0.9404232479	
0.755524291	0.939398368	
0.7572361717	0.9380111596	
0.7593654357	0.9362458804	
0.7619033133	0.9340828196	
0.7648392579	0.9314982424	
0.768161004	0.9284643443	
0.7718546365	0.9249492265	
0.7759046697	0.9209169052	
0.7802941358	0.916327368	
0.7850046818	0.9111366934	
0.7900166758	0.905297251	
0.7953093193	0.8987580003	
0.8008607675	0.8914649052	
0.8066482555	0.883361483	
0.8126482292	0.8743895031	
0.8188364812	0.8644898478	
0.8251882894	0.8536035448	
0.8316785592	0.8416729738	
0.8382819663	0.8286432431	
0.8449731006	0.8144637239	
0.8517266099	0.7990897203	
0.8585173422	0.7824842424	
0.8653204857	0.76461984	
0.8721117055	0.7454804444	
0.8788672768	0.7250631546	
0.8855642127	0.7033799009	
0.8921803859	0.6804589096	
0.8986946445	0.6563458947	
0.9050869196	0.6311049015	
0.9113383255	0.604818737	
0.9174312502	0.5775889284	
0.9233494373	0.5495351704	
0.9290780578	0.5207942354	
0.9346037705	0.4915183466	
0.9399147731	0.4618730326	
0.9450008408	0.432034509	
0.9498533545	0.4021866517	
0.9544653163	0.3725176494	
0.9588313548	0.3432164381	
0.962947717	0.3144690313	
0.9668122505	0.2864548687	
0.9704243723	0.2593433038	
0.9737850284	0.2332903463	
0.9768966409	0.2084357662	
0.9797630456	0.1849006468	
0.9823894195	0.1627854568	
0.9847821985	0.1421686887	
0.9869489869	0.1231060866	
0.9888984583	0.1056304631	
0.9906402495	0.08975208426	
0.9921848477	0.07545957879	
0.9935434716	0.06272131618	
0.9947279488	0.05148718174	
0.9957505881	0.04169067165	
0.9966240497	0.03325122599	
0.9973612132	0.02607671863	
0.9979750447	0.02006602637	
0.9984784637	0.0151116067	
0.998884212	0.01110202243	
0.9992047238	0.007924361609	
0.9994519993	0.005466512527	
0.9996374827	0.003619264374	
0.9997719446	0.002278214848	
0.9998653709	0.001345475363	
0.9999268587	0.0007311726646	
0.9999645191	0.0003547520767	
0.9999853898	0.0001460923592	
0.9999953554	4.644505559e-05	
0.9999990788	9.212446371e-06	
0.9999999422	5.778243225e-07	
0.9999999419	5.809143435e-07	
0.9999990689	9.311238484e-06	
0.9999952805	4.719413899e-05	
0.9999850748	0.0001492422702	
0.9999635602	0.0003643378303	
0.9999244803	0.0007549405091	
0.9998602498	0.001396623707	
0.9997620037	0.00237741587	
0.9996196575	0.003796921536	
0.9994219792	0.005765196083	
0.9991566718	0.008401349539	
0.9988104669	0.01183185851	
0.9983692274	0.01618857149	
0.9978180601	0.02160640161	
0.9971414364	0.02822071264	
0.9963233199	0.03616441774	
0.995347302	0.04556482702	
0.9941967418	0.05654029737	
0.9928549121	0.06919675664	
0.991305148	0.0836241922	
0.9895309987	0.09989321069	
0.9875163807	0.1180517893	
0.9852457314	0.1381223485	
0.9827041619	0.1600992799	
0.979877608	0.1839470604	
0.9767529782	0.2095990727	
0.9733182976	0.2369572354	
0.9695628465	0.2658925182	
0.9654772923	0.2962463866	
0.961053815	0.3278331804	
0.9562862235	0.3604433889	
0.9511700625	0.3938477428	
0.94570271	0.4278019997	
0.9398834631	0.4620522637	
0.933713612	0.496340649	
0.9271965018	0.5304110765	
0.9203375813	0.5640149827	
0.9131444377	0.5969167236	
0.9056268176	0.6288984703	
0.897796634	0.6597644199	
0.8896679578	0.6893441808	
0.8812569955	0.7174952366	
0.8725820519	0.7441044358	
0.8636634775	0.7690885087	
0.8545236024	0.792393653	
0.8451866551	0.8139942747	
0.8356786681	0.8338910003	
0.8260273697	0.8521081044	
0.8162620635	0.8686905061	
0.8064134948	0.8837004946	
0.7965137067	0.8972143381	
0.7865958852	0.9093189161	
0.7766941945	0.9201084973	
0.7668436039	0.9296817595	
0.7570797071	0.9381391256	
0.7474385351	0.9455804625	
0.7379563635	0.9521031645	
0.7286695163	0.9578006256	
0.7196141662	0.962761083	
0.710826134	0.967066805	
0.7023406875	0.9707935828	
0.6941923412	0.9740104847	
0.6864146589	0.9767798246	
0.6790400597	0.9791573008	
0.672099629	0.9811922624	
0.6656229362	0.9829280635	
0.659637859	0.9844024734	
0.654170417	0.9856481131	
0.6492446153	0.9866928956	
0.6448822986	0.9875604531	
0.6411030171	0.9882705349	
0.6379239057	0.9888393684	
0.6353595767	0.9892799749	
0.6334220266	0.9896024357	
0.6321205588	0.989814106	
0.6314617213	0.9899197735	
0.631449261	0.9899217624	
0.6320840944	0.9898199803	
0.6333642953	0.9896119084	
0.6352850993	0.9892925343	
0.6378389253	0.988854227	
0.6410154138	0.9882865527	
0.6448014824	0.9875760335	
0.649181397	0.9867058473	
0.6541368599	0.9856554735	
0.659647112	0.9844002854	
0.6656890516	0.9829110986	
0.6722373655	0.9811536833	
0.6792646745	0.979088254	
0.6867416909	0.9766689581	
0.6946373871	0.9738433848	
0.7029191746	0.9705521289	
0.7115530922	0.9667284447	
0.7205040012	0.9622980365	
0.7297357882	0.9571790343	
0.7392115726	0.9512822107	
0.7488939174	0.9445114939	
0.7587450432	0.9367648331	
0.7687270426	0.9279354646	
0.7788020946	0.917913619	
0.7889326768	0.9065886938	
0.7990817742	0.8938518933	
0.8092130836	0.8795993144	
0.8192912118	0.8637354256	
0.8292818662	0.8461768545	
0.8391520368	0.8268563653	
0.8488701686	0.8057268793	
0.8584063225	0.7827653607	
0.8677323241	0.757976377	
0.8768218997	0.7313951296	
0.8856507975	0.7030897571	
0.8941968949	0.6731627297	
0.9024402896	0.6417511851	
0.9103633745	0.6090260972	
0.9179508959	0.5751902259	
0.9251899956	0.5404748562	
0.9320702343	0.5051353979	
0.9385835982	0.4694459838	
0.9447244891	0.4336932569	
0.9504896956	0.3981695884	
0.9558783482	0.3631659967	
0.960891858	0.3289650593	
0.9655338383	0.295834104	
0.9698100116	0.2640189514	
0.973728101	0.2337384465	
0.9772977078	0.2051799727	
0.9805301763	0.1784960836	
0.9834384459	0.1538023339	
0.9860368931	0.1311763263	
0.9883411627	0.1106579368	
0.9903679914	0.09225063127	
0.9921350237	0.07592374455	
0.9936606223	0.06161556504	
0.994963674	0.04923704915	
0.9960633927	0.03867598369	
0.9969791216	0.02980141795	
0.9977301345	0.02246819976	
0.9983354399	0.01652146903	
0.9988135873	0.01180098622	
0.9991824791	0.008145199221	
0.9994591878	0.005394979347	
0.9996597813	0.003396982582	
0.999799157	0.00200661548	
0.9998908859	0.001090604897	
0.9999470688	0.0005291863561	
0.9999782041	0.0002179371434	
0.9999930711	6.928716918e-05	
0.9999986257	1.374332712e-05	
0.9999999138	8.620124989e-07	
0.9999999133	8.666222391e-07	
0.9999986109	1.389070679e-05	
0.9999929593	7.040464633e-05	
0.9999777342	0.0002226359494	
0.9999456383	0.0005434843402	
0.9998873378	0.001126050683	
0.9997915172	0.002082873502	
0.9996449512	0.003544820488	
0.9994325957	0.005659577082	
0.9991376943	0.008589672856	
0.9987419022	0.01250999	
0.9982254251	0.01760470753	
0.9975671731	0.02406365044	
0.9967449282	0.03207803571	
0.9957355242	0.041835636	
0.9945150379	0.05351541775	
0.9930589901	0.06728175047	
0.9913425561	0.08327832818	
0.9893407814	0.1016219879	
0.987028805	0.1223966523	
0.9843820853	0.1456476583	
0.9813766285	0.1713767588	
0.9779892178	0.1995380961	
0.9741976416	0.2300354352	
0.9699809186	0.2627209226	
0.9653195188	0.2973955805	
0.9601955775	0.3338116811	
0.9545931027	0.3716770531	
0.948498172	0.4106612706	
0.9418991194	0.4504035627	
0.9347867086	0.4905221741	
0.9271542933	0.5306248026	
0.9189979619	0.5703196608	
0.9103166656	0.6092266514	
0.9011123293	0.6469881217	
0.8913899434	0.6832786783	
0.8811576364	0.7178135908	
0.8704267271	0.7503553987	
0.8592117558	0.780718444	
0.8475304944	0.8087711858	
0.8354039345	0.8344362848	
0.8228562533	0.8576885842	
0.8099147582	0.8785512282	
0.7966098087	0.8970902565	
0.7829747172	0.9134080767	
0.7690456286	0.9276362477	
0.7548613787	0.9399280044	
0.7404633335	0.9504509219	
0.7258952085	0.9593800582	
0.7112028704	0.9668918428	
0.6964341221	0.9731588936	
0.6816384711	0.9783458602	
0.6668668843	0.9826063184	
0.65217153	0.986080669	
0.6376055076	0.988894948	
0.623222569	0.9911604181	
0.6090768313	0.9929737953	
0.5952224832	0.9944179558	
0.5817134883	0.9955629805	
0.5686032849	0.9964674067	
0.5559444862	0.9971795768	
0.5437885819	0.9977389985	
0.5321856433	0.998177651	
0.5211840341	0.9985211946	
0.5108301283	0.9987900567	
0.501168038	0.9990003829	
0.4922393519	0.9991648523	
0.4840828869	0.9992933615	
0.4767344543	0.9993935913	
0.4702266425	0.9994714667	
0.464588617	0.9995315258	
0.4598459402	0.9995772111	
0.4560204108	0.9996110956	
0.4531299257	0.999635055	
0.4511883639	0.999650394	
0.4502054938	0.9996579356	
0.4501869051	0.9996580768	
0.4511339653	0.9996508153	
0.4530438007	0.999635748	
0.4559093036	0.9996120421	
0.4597191642	0.9995783753	
0.4644579282	0.999532842	
0.4701060788	0.9994728203	
0.4766401436	0.9993947899	
0.4840328255	0.9992940919	
0.4922531558	0.999164618	
0.5012666705	0.9989984139	
0.5110356068	0.9987851809	
0.5215191199	0.9985116593	
0.5326735176	0.9981608758	
0.5444525122	0.997711241	
0.5568074874	0.9971354879	
0.5696877789	0.9963994485	
0.583040966	0.995460681	
0.596813174	0.9942669727	
0.6109493832	0.9927547678	
0.6253937442	0.9908475929	
0.6400898969	0.9884545803	
0.6549812902	0.9854692195	
0.6700115016	0.9817684925	
0.6851245543	0.9772125711	
0.7002652285	0.9716452632	
0.7153793661	0.9648953946	
0.7304141667	0.9567792918	
0.7453184715	0.9471044854	
0.7600430358	0.9356746971	
0.7745407849	0.9222960828	
0.7887670548	0.9067846087	
0.8026798144	0.8889743266	
0.8162398677	0.8687262074	
0.8294110355	0.8459370908	
0.8421603147	0.8205482399	
0.8544580145	0.7925529436	
0.8662778681	0.7620026119	
0.8775971201	0.7290108555	
0.8883965878	0.6937551329	
0.8986606977	0.6564756825	
0.908377495	0.6174716207	
0.9175386277	0.5770942716	
0.926139305	0.5357379774	
0.9341782301	0.4938288088	
0.9416575078	0.451811736	
0.9485825287	0.41013692	
0.9549618297	0.3692458311	
0.9608069322	0.3295578991	
0.9661321598	0.2914583444	
0.9709544361	0.2552877415	
0.9752930646	0.2213337362	
0.9791694923	0.1898251861	
0.9826070586	0.1609288368	
0.9856307317	0.1347484974	
0.9882668342	0.1113265435	
0.9905427598	0.09064747029	
0.9924866844	0.07264314148	
0.994127272	0.05719933485	
0.995493379	0.04416317388	
0.9966137586	0.03335104765	
0.9975167681	0.02455665905	
0.9982300802	0.01755889344	
0.9987804021	0.01212926219	
0.999193203	0.008038741282	
0.9994924534	0.005063889452	
0.9997003775	0.00299218847	
0.999837221	0.001626598512	
0.9999210359	0.000789360806	
0.9999674844	0.0003251083315	
0.9999896632	0.0001033627257	
0.9999979497	2.050257263e-05	
0.9999998714	1.285971312e-06	
0.9999998707	1.292848189e-06	
0.9999979277	2.072243557e-05	
0.9999894965	0.000105029753	
0.9999667833	0.0003321174401	
0.9999189018	0.0008106858214	
0.9998319278	0.001679451449	
0.9996889802	0.003105849014	
0.9994703295	0.00528409841	
0.9991535323	0.008432507038	
0.9987135911	0.0127898757	
0.9981231386	0.01861088709	
0.9973526453	0.02616038123	
0.9963706488	0.03570646442	
0.9951440036	0.04751245773	
0.9936381497	0.06182776812	
0.991817398	0.07887785745	
0.9896452301	0.0988535881	
0.9870846113	0.1219003319	
0.9840983144	0.148107334	
0.980649251	0.177497911	
0.9767008092	0.21002113	
0.9722171944	0.2455456336	
0.9671637714	0.2838562581	
0.9615074045	0.3246540023	
0.9552167931	0.3675597683	
0.9482628016	0.4121220863	
0.9406187794	0.4578287905	
0.9322608691	0.5041223269	
0.9231683011	0.550418081	
0.9133236714	0.5961248447	
0.9027132013	0.6406663106	
0.8913269757	0.683502339	
0.879159159	0.7241486911	
0.8662081868	0.762193982	
0.8524769306	0.7973127869	
0.8379728352	0.8292741033	
0.8227080269	0.8579447312	
0.8066993913	0.8832875213	
0.7899686202	0.9053548417	
0.772542226	0.9242779669	
0.7544515244	0.9402533714	
0.7357325838	0.9535270862	
0.7164261417	0.9643783326	
0.6965774894	0.9731035875	
0.6762363232	0.9800020745	
0.6554565647	0.9853634347	
0.6342961505	0.9894580547	
0.6128167911	0.9925302415	
0.5910837024	0.9947941716	
0.5691653096	0.9964323337	
0.5471329261	0.9975960329	
0.5250604084	0.9984074513	
0.5030237905	0.9989627457	
0.4811008979	0.9993357039	
0.459370946	0.999581558	
0.437914123	0.9997406481	
0.4168111621	0.9998417319	
0.3961429034	0.9999048259	
0.3759898512	0.9999435374	
0.356431726	0.9999669049	
0.3375470174	0.9999807982	
0.3194125392	0.999988946	
0.3021029889	0.9999936679	
0.2856905165	0.9999963779	
0.2702443041	0.9999979224	
0.2558301592	0.9999987991	
0.2425101247	0.9999992964	
0.2303421087	0.9999995795	
0.2193795355	0.9999997418	
0.2096710211	0.9999998358	
0.2012600755	0.999999891	
0.194184833	0.9999999238	
0.1884778138	0.9999999434	
0.1841657168	0.9999999551	
0.1812692469	0.9999999617	
0.179802977	0.9999999647	
0.179775246	0.9999999647	
0.1811880937	0.9999999619	
0.1840372333	0.9999999554	
0.1883120612	0.9999999439	
0.1939957054	0.9999999245	
0.2010651106	0.999999892	
0.2094911611	0.9999998372	
0.2192388405	0.9999997434	
0.2302674258	0.9999995809	
0.2425307176	0.9999992958	
0.2559773014	0.9999987921	
0.2705508419	0.9999978987	
0.2861904057	0.999996314	
0.3028308117	0.9999935136	
0.3204030067	0.9999885984	
0.3388344639	0.9999800531	
0.3580496007	0.9999653716	
0.377970215	0.9999404919	
0.398515935	0.9998989685	
0.4196046811	0.9998307989	
0.4411531357	0.999720814	
0.4630772192	0.999546545	
0.4852925674	0.9992755033	
0.5077150081	0.9988618487	
0.5302610334	0.9982424927	
0.552848265	0.9973327759	
0.5753959088	0.9960219733	
0.5978251956	0.994169012	
0.6200598057	0.9915989069	
0.6420262743	0.9881005191	
0.6636543745	0.9834262946	
0.6848774753	0.9772946171	
0.7056328737	0.9693953052	
0.7258620961	0.9593985835	
0.7455111695	0.9469675677	
0.7645308592	0.9317739548	
0.7828768715	0.9135162269	
0.800510021	0.8919393118	
0.8173963606	0.8668543454	
0.8335072733	0.838156993	
0.8488195259	0.8058427493	
0.8633152841	0.7700177614	
0.8769820881	0.7309040061	
0.889812791	0.6888380788	
0.901805458	0.6442633635	
0.9129632292	0.5977159064	
0.9232941464	0.5498048398	
0.9328109452	0.5011886435	
0.9415308134	0.4525488439	
0.9494751195	0.4045629044	
0.9566691103	0.3578780533	
0.9631415835	0.3130876279	
0.9689245341	0.2707112271	
0.9740527804	0.2311795908	
0.9785635707	0.1948247054	
0.9824961734	0.1618752306	
0.9858914555	0.132456966	
0.9887914503	0.1065977832	
0.9912389194	0.08423623434	
0.9932769115	0.06523292945	
0.9949483214	0.04938374417	
0.9962954533	0.03643396375	
0.9973595899	0.02609256996	
0.9981805738	0.01804601886	
0.9987964003	0.01197101609	
0.9992428295	0.007545958648	
0.9995530157	0.004460862488	
0.9997571622	0.002425725928	
0.9998821994	0.001177382184	
0.9999514924	0.0004849697401	
0.9999845794	0.0001541955403	
0.9999969413	3.058610569e-05	
0.9999998082	1.918443252e-06	
1	0	
0.999999988	1.200891133e-07	
0.9999990304	9.695599202e-06	
0.9999925474	7.45230796e-05	
0.9999714966	0.0002849977689	
0.9999225002	0.0007747274966	
0.9998280223	0.001718446339	
0.9996665805	0.003329196588	
0.9994129922	0.00585459628	
0.9990386522	0.00957199614	
0.9985118399	0.01478233774	
0.9977980533	0.02180255763	
0.9968603673	0.03095644266	
0.995659813	0.04256393145	
0.9941557763	0.0569289743	
0.9923064104	0.07432620521	
0.9900690616	0.09498683772	
0.9874007031	0.1190843585	
0.9842583747	0.1467207449	
0.9805996237	0.1779140562	
0.9763829457	0.2125883233	
0.9715682195	0.2505666705	
0.9661171346	0.2915685284	
0.9599936076	0.3352116323	
0.9531641837	0.3810192423	
0.945598421	0.4284326882	
0.9372692547	0.4768289421	
0.9281533377	0.5255425095	
0.9182313559	0.573890526	
0.9074883155	0.6211996084	
0.8959137998	0.666832783	
0.8835021939	0.710214719	
0.8702528756	0.7508535692	
0.856170371	0.7883579577	
0.8412644732	0.8224480324	
0.8255503239	0.8529599907	
0.8090484564	0.8798440349	
0.7917847998	0.9031562491	
0.7737906455	0.9230453705	
0.7551025736	0.9397357849	
0.7357623422	0.9535082857	
0.7158167386	0.9646801788	
0.6953173944	0.9735861966	
0.6743205645	0.980561442	
0.6528868732	0.9859272372	
0.6310810271	0.9899803803	
0.6089714983	0.9929859369	
0.5866301791	0.9951733699	
0.564132011	0.9967355694	
0.5415545904	0.9978301865	
0.5189777531	0.9985826164	
0.4964831415	0.9990899923	
0.4741537561	0.9994256297	
0.4520734955	0.9996434746	
0.4303266875	0.9997822376	
0.4089976137	0.9998690192	
0.3881700323	0.9999223359	
0.3679267009	0.9999545417	
0.3483489038	0.9999736886	
0.3295159848	0.9999849074	
0.3115048919	0.999991397	
0.294389733	0.9999951109	
0.2782413494	0.9999972189	
0.2631269066	0.9999984091	
0.2491095072	0.9999990798	
0.2362478279	0.9999994584	
0.2245957819	0.9999996734	
0.2142022112	0.9999997967	
0.2051106075	0.9999998682	
0.1973588673	0.9999999103	
0.1909790786	0.9999999355	
0.1859973446	0.9999999504	
0.1824336421	0.9999999592	
0.1803017171	0.9999999637	
0.1796090185	0.9999999651	
0.1803566687	0.9999999636	
0.1825394726	0.9999999589	
0.1861459637	0.99999995	
0.1911584882	0.9999999348	
0.1975533247	0.9999999095	
0.2053008398	0.999999867	
0.2143656786	0.9999997951	
0.2247069869	0.9999996718	
0.2362786664	0.9999994577	
0.2490296578	0.9999990827	
0.2629042528	0.9999984225	
0.2778424311	0.9999972585	
0.2937802196	0.9999952112	
0.310650074	0.9999916302	
0.3283812762	0.9999854191	
0.3469003493	0.9999747624	
0.366131483	0.9999567117	
0.3859969704	0.9999265758	
0.4064176503	0.9998770508	
0.4273133546	0.9997970147	
0.4486033553	0.9996699155	
0.4702068105	0.9994716896	
0.4920432053	0.9991681742	
0.5140327853	0.9987120227	
0.5360969785	0.9980391987	
0.5581588061	0.9970652047	
0.5801432757	0.9956813041	
0.6019777579	0.9937510874	
0.6235923418	0.9911078305	
0.6449201681	0.9875531463	
0.6658977384	0.982857451	
0.6864651971	0.9767627227	
0.7065665871	0.9689879153	
0.7261500749	0.9592372135	
0.7451681461	0.9472110751	
0.7635777699	0.9326197275	
0.7813405309	0.9151985003	
0.7984227286	0.8947241117	
0.8147954448	0.8710308245	
0.8304345771	0.8440252718	
0.8453208407	0.8136987525	
0.8594397375	0.7801359108	
0.8727814936	0.7435189462	
0.8853409662	0.7041268183	
0.8971175206	0.6623292947	
0.9081148793	0.6185760882	
0.918340943	0.5733817086	
0.9278075871	0.5273069725	
0.9365304341	0.4809383408	
0.9445286045	0.4348663754	
0.9518244474	0.3896646089	
0.9584432548	0.3458700212	
0.9644129592	0.3039661274	
0.969763819	0.264369428	
0.9745280943	0.2274196868	
0.9787397127	0.1933742104	
0.9824339319	0.1624060342	
0.9856469979	0.1346056918	
0.9884158031	0.1099860696	
0.9907775474	0.08848973846	
0.9927694027	0.06999809803	
0.9944281853	0.05434167307	
0.9957900373	0.04131094456	
0.9968901201	0.03066717743	
0.997762321	0.02215280493	
0.9984389763	0.01550103662	
0.9989506119	0.01044446447	
0.9993257037	0.006722539279	
0.9995904586	0.004087875145	
0.9997686185	0.00231140772	
0.9998812883	0.00118648315	
0.9999467885	0.0005319878471	
0.9999805336	0.0001946472	
0.9999949373	5.062537665e-05	
0.9999993449	6.551365613e-06	
0.9999999919	8.071309221e-08	
0.999999992	8.04981386e-08	
0.9999993501	6.499163778e-06	
0.9999950044	4.995486612e-05	
0.9999808936	0.0001910477951	
0.9999480503	0.000519375078	
0.9998847199	0.001152202925	
0.9997765022	0.00223273109	
0.9996065169	0.003927870983	
0.9993555893	0.006425452304	
0.9990024564	0.00993077531	
0.998523991	0.01466243788	
0.9978954412	0.02084738953	
0.9970906857	0.02871519834	
0.9960824997	0.03849156204	
0.9948428326	0.05039114851	
0.9933430929	0.06460991307	
0.9915544387	0.08131710535	
0.989448073	0.1006472431	
0.9869955389	0.1226923889	
0.9841690151	0.1474951099	
0.9809416076	0.17504253	
0.9772876361	0.2052618803	
0.9731829132	0.2380179313	
0.9686050135	0.2731126246	
0.9635335311	0.3102871339	
0.9579503239	0.3492264605	
0.951839742	0.3895665289	
0.9451888387	0.4309035896	
0.9379875634	0.4728055834	
0.9302289335	0.5148249767	
0.9219091853	0.5565124625	
0.9130279016	0.5974308456	
0.9035881165	0.6371683976	
0.8935963944	0.6753509938	
0.8830628852	0.7116524146	
0.8720013525	0.7458023183	
0.8604291775	0.7775915464	
0.8483673351	0.8068746053	
0.8358403459	0.833569351	
0.8228762011	0.8576540811	
0.8095062632	0.8791623884	
0.7957651418	0.8981762444	
0.7816905459	0.9148178506	
0.7673231129	0.9292408186	
0.7527062172	0.9416212177	
0.7378857568	0.9521489719	
0.7229099227	0.9610199978	
0.7078289496	0.9684293728	
0.692694852	0.9745657111	
0.6775611454	0.9796068208	
0.6624825563	0.9837166231	
0.6475147216	0.9870432384	
0.6327138804	0.9897180942	
0.618136559	0.9918558774	
0.6038392533	0.9935551411	
0.5898781079	0.9948993822	
0.5763085971	0.9959584218	
0.5631852072	0.9967899456	
0.5505611242	0.9974410876	
0.5384879275	0.9979499724	
0.5270152934	0.9983471548	
0.5161907082	0.9986569202	
0.5060591942	0.9988984272	
0.4966630504	0.9990866894	
0.4880416089	0.9992334006	
0.4802310089	0.999347618	
0.47326399	0.9994363174	
0.4671697059	0.9995048387	
0.461973559	0.9995572371	
0.4576970588	0.9995965579	
0.4543577026	0.9996250452	
0.4519688813	0.9996442988	
0.4505398093	0.999655387	
0.4500754795	0.9996589221	
0.4505766445	0.9996551051	
0.4520398216	0.9996437401	
0.4544573249	0.9996242222	
0.4578173206	0.9995954966	
0.4621039076	0.9995559863	
0.4672972224	0.9995034854	
0.4733735655	0.999435011	
0.4803055518	0.9993466046	
0.4880622805	0.9992330758	
0.4966095256	0.9990876732	
0.5059099448	0.9989016717	
0.5159233051	0.9986638616	
0.5266067243	0.9983599239	
0.5379149258	0.9979716824	
0.5498005061	0.9974762208	
0.562214212	0.9968448632	
0.5751052265	0.9960420241	
0.5884214609	0.9950239465	
0.602109852	0.9937373616	
0.6161166614	0.9921181252	
0.6303877757	0.9900899048	
0.6448690047	0.9875630172	
0.659506378	0.984433535	
0.6742464342	0.9805828009	
0.6890365052	0.9758775	
0.7038249905	0.9701704411	
0.7185616212	0.9633021877	
0.7331977123	0.9551036524	
0.7476864011	0.9453997265	
0.7619828707	0.934013957	
0.7760445565	0.9207742116	
0.7898313364	0.905519191	
0.8033057011	0.8881055639	
0.8164329055	0.8684154189	
0.8291810999	0.8463636632	
0.8415214398	0.8219049488	
0.8534281745	0.795039693	
0.8648787141	0.765818768	
0.875853674	0.7343464887	
0.8863368979	0.700781603	
0.8963154588	0.6653360999	
0.9057796384	0.6282717762	
0.9147228849	0.5898946397	
0.9231417511	0.5505473624	
0.9310358117	0.5106001167	
0.9384075617	0.470440228	
0.9452622971	0.4304611433	
0.9516079784	0.3910512465	
0.9574550777	0.352583048	
0.9628164116	0.3154032331	
0.9677069614	0.2798239867	
0.9721436807	0.2461159167	
0.9761452931	0.2145027933	
0.9797320818	0.1851582093	
0.982925671	0.1582041577	
0.9857488032	0.1337114289	
0.9882251124	0.1117016441	
0.9903788949	0.09215068718	
0.9922348806	0.07499325473	
0.9938180051	0.06012822733	
0.9951531857	0.04742456875	
0.9962651009	0.03672747612	
0.9971779776	0.0278645358	
0.9979153852	0.02065167845	
0.9985000389	0.01489877006	
0.9989536145	0.01041472063	
0.9992965741	0.00701203399	
0.9995480057	0.004510760853	
0.9997254762	0.002741849571	
0.9998449003	0.001549914793	
0.9999204252	0.0007954635122	
0.9999643312	0.0003566302706	
0.9999869513	0.0001304796888	
0.9999966064	3.393545992e-05	
0.9999995608	4.391516018e-06	
0.9999999946	5.410360582e-08	
0.9999999946	5.395951441e-08	
0.9999995643	4.356523913e-06	
0.9999966513	3.34859961e-05	
0.9999871926	0.0001280667962	
0.9999651771	0.0003481743568	
0.9999227255	0.0007724768061	
0.999850185	0.001497140654	
0.9997362404	0.002634467667	
0.9995680386	0.004311227285	
0.9993313266	0.006666649681	
0.9990106016	0.00985004938	
0.9985892721	0.01401805841	
0.9980498283	0.01933146149	
0.997374021	0.02595164343	
0.9965430473	0.03403668072	
0.9955377417	0.04373713341	
0.994338771	0.05519162047	
0.9929268318	0.06852228806	
0.991282849	0.08383030578	
0.9893881735	0.1011915478	
0.9872247775	0.1206526317	
0.9847754472	0.1422274962	
0.9820239692	0.1658946987	
0.9789553112	0.1915955987	
0.9755557949	0.2192335734	
0.9718132592	0.2486743739	
0.9677172137	0.2797476845	
0.9632589799	0.3122498976	
0.9584318207	0.3459480542	
0.9532310555	0.3805848421	
0.9476541615	0.4158844863	
0.941700859	0.4515593133	
0.9353731818	0.487316736	
0.9286755302	0.5228663742	
0.9216147078	0.5579270218	
0.9141999408	0.5922331764	
0.9064428799	0.6255408741	
0.8983575851	0.6576326112	
0.8899604932	0.6883211878	
0.881270367	0.7174523687	
0.8723082296	0.7449063208	
0.8630972805	0.7705978509	
0.8536627967	0.7944755241	
0.8440320184	0.8165197939	
0.8342340202	0.8367403111	
0.8242995685	0.8551726031	
0.8142609667	0.8718743255	
0.8041518881	0.8869212862	
0.7940071991	0.9004034256	
0.7838627722	0.9124209175	
0.7737552916	0.9230805232	
0.763722052	0.9324923006	
0.7538007514	0.9407667366	
0.7440292807	0.9480123398	
0.7344455101	0.9543337025	
0.7250870745	0.9598300183	
0.7159911594	0.9645940217	
0.7071942881	0.9687113055	
0.6987321121	0.9722599635	
0.6906392063	0.9753105004	
0.6829488697	0.9779259559	
0.6756929333	0.9801621881	
0.6689015763	0.9820682699	
0.6626031528	0.983686957	
0.6568240277	0.9850551928	
0.651588426	0.9862046217	
0.6469182936	0.9871620901	
0.6428331727	0.9879501178	
0.6393500913	0.9885873285	
0.6364834675	0.9890888312	
0.6342450301	0.9894665478	
0.6326437553	0.9897294842	
0.6316858197	0.9898839428	
0.6313745701	0.9899336771	
0.631710511	0.9898799879	
0.632691308	0.9897217617	
0.6343118089	0.989455452	
0.6365640814	0.9890750038	
0.6394374666	0.9885717221	
0.6429186496	0.9879340857	
0.6469917442	0.9871475066	
0.6516383935	0.986194039	
0.6568378843	0.9850520397	
0.662567274	0.9836957881	
0.6688015314	0.9820950716	
0.6755136876	0.9802147504	
0.6826749976	0.9780143163	
0.6902551118	0.9754474663	
0.6982222545	0.9724617163	
0.7065434104	0.9689980863	
0.7151845158	0.9649908931	
0.7241106547	0.9603676908	
0.7332862576	0.9550494034	
0.7426753028	0.9489506967	
0.7522415167	0.9419806328	
0.7619485749	0.9340436505	
0.7717602996	0.9250409039	
0.7816408547	0.9148719844	
0.7915549358	0.9034370304	
0.8014679539	0.8906392144	
0.8113462129	0.876387573	
0.8211570782	0.8606001176	
0.8308691368	0.843207144	
0.8404523469	0.8241546281	
0.8498781768	0.8034075769	
0.8591197317	0.7809531876	
0.8681518685	0.7568036554	
0.8769512967	0.7309984725	
0.885496667	0.7036060678	
0.8937686442	0.6747246568	
0.9017499672	0.6444821983	
0.9094254934	0.6130353941	
0.916782229	0.5805677087	
0.9238093441	0.5472864356	
0.9304981735	0.5134188842	
0.9368422028	0.4792078063	
0.9428370403	0.444906223	
0.9484803751	0.4107718408	
0.9537719221	0.3770612721	
0.9587133539	0.3440242771	
0.9633082205	0.3118982475	
0.9675618579	0.2809031314	
0.9714812857	0.251236977	
0.9750750953	0.2230722366	
0.9783533288	0.1965529318	
0.9813273507	0.1717927404	
0.9840097118	0.1488740192	
0.9864140081	0.1278477397	
0.988554735	0.1087342732	
0.9904471371	0.09152493843	
0.9921070568	0.07618419592	
0.9935507804	0.06265236463	
0.9947948848	0.05084872654	
0.9958560849	0.04067488689	
0.9967510832	0.03201826428	
0.9974964223	0.02475559668	
0.9981083418	0.01875636457	
0.9986026409	0.01388605009	
0.998994546	0.01000916945	
0.9992985868	0.006992033961	
0.9995284795	0.004705212228	
0.9996970191	0.003025681013	
0.9998159812	0.001838665277	
0.9998960336	0.00103917802	
0.9999466594	0.0005332780882	
0.9999760905	0.0002390690704	
0.9999912532	8.746484459e-05	
0.9999977252	2.274773374e-05	
0.9999997056	2.94372317e-06	
0.9999999964	3.626673351e-08	
0.9999999964	3.617014299e-08	
0.999999708	2.920267164e-06	
0.9999977553	2.24464458e-05	
0.9999914149	8.584737141e-05	
0.9999766575	0.0002334003073	
0.9999482013	0.0005178660489	
0.999899576	0.001003786442	
0.9998231966	0.001766627509	
0.9997104476	0.002891754069	
0.9995517748	0.00447322216	
0.9993367864	0.006612377596	
0.9990543608	0.009416252849	
0.9986927608	0.01299576002	
0.9982397536	0.01746368498	
0.9976827353	0.02293249655	
0.9970088588	0.02951199468	
0.9962051647	0.03730683247	
0.9952587136	0.04641395782	
0.994156719	0.05692003169	
0.99288668	0.06889888926	
0.9914365123	0.08240911848	
0.9897946771	0.09749183573	
0.9879503062	0.1141687407	
0.9858933232	0.1324405305	
0.9836145593	0.1522857479	
0.9811058626	0.1736601278	
0.9783602012	0.1964964927	
0.9753717577	0.2207052281	
0.9721360161	0.2461753518	
0.968649839	0.2727761623	
0.9649115351	0.3003594338	
0.9609209172	0.3287620979	
0.9566793483	0.3578093323	
0.9521897782	0.3873179599	
0.9474567674	0.4171000454	
0.9424865004	0.4469665714	
0.9372867869	0.4767310711	
0.9318670518	0.506213098	
0.9262383127	0.5352414255	
0.920413147	0.5636568786	
0.9144056466	0.5913147229	
0.9082313628	0.618086555	
0.9019072392	0.6438616616	
0.8954515354	0.6685478391	
0.8888837408	0.6920716869	
0.8822244787	0.7143784065	
0.8754954026	0.7354311565	
0.8687190847	0.7552100266	
0.8619188962	0.7737106992	
0.8551188835	0.7909428765	
0.8483436367	0.8069285465	
0.8416181551	0.82170016	
0.8349677084	0.8352987866	
0.8284176957	0.8477723048	
0.8219935021	0.8591736756	
0.8157203551	0.8695593374	
0.8096231809	0.8789877481	
0.8037264617	0.8875180927	
0.7980540955	0.8952091636	
0.7926292586	0.9021184145	
0.7874742718	0.9083011825	
0.7826104721	0.9138100658	
0.7780580894	0.918694444	
0.7738361299	0.9230001237	
0.7699622665	0.9267690914	
0.7664527377	0.9300393561	
0.7633222543	0.9328448626	
0.7605839159	0.9352154612	
0.7582491366	0.9371769171	
0.7563275812	0.9387509465	
0.7548271117	0.9399552685	
0.7537537452	0.9408036635	
0.7531116217	0.9413060288	
0.7529029849	0.9414684279	
0.7531281728	0.9412931283	
0.7537856207	0.9407786252	
0.7548718749	0.939919651	
0.7563816183	0.938707172	
0.758307706	0.9371283738	
0.7606412127	0.9351666407	
0.7633714897	0.932801534	
0.7664862319	0.9300087771	
0.7699715548	0.9267602569	
0.7738120796	0.9230240514	
0.7779910273	0.9187644955	
0.7824903201	0.9139422995	
0.7872906898	0.9085147337	
0.7923717922	0.9024358947	
0.7977123277	0.895657068	
0.8032901653	0.8881272022	
0.8090824715	0.8797935077	
0.8150658413	0.87060219	
0.8212164319	0.8604993257	
0.8275100971	0.8494318839	
0.8339225221	0.83734889	
0.8404293577	0.8242027217	
0.8470063535	0.8099505224	
0.8536294877	0.7945557036	
0.860275095	0.7779895065	
0.8669199897	0.7602325791	
0.8735415847	0.7412765208	
0.8801180044	0.7211253402	
0.8866281919	0.699796768	
0.8930520098	0.6773233631	
0.8993703325	0.6537533547	
0.9055651321	0.6291511636	
0.9116195544	0.6035975565	
0.9175179875	0.5771893952	
0.9232461205	0.5500389575	
0.9287909927	0.522272821	
0.9341410335	0.4940303174	
0.9392860925	0.4654615864	
0.9442174599	0.4367252691	
0.948927876	0.4079859033	
0.9534115325	0.3794110927	
0.9576640625	0.3511685348	
0.9616825222	0.3234229976	
0.9654653626	0.2963333393	
0.9690123927	0.2700496643	
0.9723247335	0.2447106998	
0.9754047647	0.2204414718	
0.9782560631	0.1973513444	
0.9808833341	0.1755324705	
0.9832923367	0.1550586875	
0.9854898024	0.1359848719	
0.9874833489	0.1183467515	
0.9892813893	0.1021611567	
0.9908930373	0.08742667992	
0.9923280094	0.07412469853	
0.9935965245	0.06222071066	
0.994709202	0.0516659248	
0.9956769588	0.04239904306	
0.9965109069	0.03434817704	
0.9972222506	0.02743283788	
0.9978221859	0.02156594609	
0.9983218017	0.01665581325	
0.9987319836	0.01260805406	
0.9990633222	0.00932739521	
0.999326024	0.006719355381	
0.9995298287	0.00469177782	
0.9996839304	0.003156204442	
0.9997969059	0.002029086297	
0.9998766485	0.001232830674	
0.9999303092	0.0006966893013	
0.9999642447	0.0003574952816	
0.999983973	0.0001602584753	
0.9999941368	5.863019974e-05	
0.9999984752	1.524831349e-05	
0.9999998027	1.973237535e-06	
0.9999999976	2.431031909e-08	
0.9999999976	2.424557199e-08	
0.9999998042	1.957514446e-06	
0.9999984954	1.504635259e-05	
0.9999942453	5.75459466e-05	
0.9999843531	0.0001564583221	
0.9999652783	0.0003471626689	
0.9999326838	0.0006729584188	
0.9998814852	0.001184516448	
0.9998059072	0.001939233403	
0.9996995457	0.003000484422	
0.9995554346	0.004436770499	
0.9993661191	0.006320758449	
0.9991237314	0.008728213849	
0.9988200716	0.01173683047	
0.998446691	0.01542496345	
0.9979949781	0.01987027764	
0.9974562458	0.02514832719	
0.9968218207	0.03133108715	
0.9960831316	0.03848546228	
0.995231799	0.04667180285	
0.9942597225	0.05594246051	
0.9931591675	0.06634042022	
0.9919228487	0.07789804577	
0.9905440118	0.0906359766	
0.9890165107	0.1045622123	
0.987334881	0.1196714186	
0.9854944091	0.1359444825	
0.9834911955	0.1533483415	
0.9813222131	0.1718360994	
0.9789853587	0.1913474376	
0.9764794986	0.2118093181	
0.9738045074	0.2331369648	
0.9709612988	0.2552351036	
0.9679518499	0.2779994279	
0.9647792179	0.3013182514	
0.9614475483	0.3250743039	
0.9579620762	0.3491466186	
0.9543291191	0.3734124595	
0.9505560624	0.3977492353	
0.946651337	0.4220363485	
0.9426243891	0.4461569331	
0.9384856429	0.4699994369	
0.9342464561	0.4934590146	
0.9299190684	0.5164387048	
0.925516544	0.5388503709	
0.9210527071	0.5606153976	
0.9165420726	0.5816651415	
0.9119997708	0.6019411428	
0.9074414682	0.6213951113	
0.9028832834	0.6399887083	
0.8983416996	0.6576931468	
0.8938334744	0.6744886387	
0.8893755467	0.690363718	
0.8849849419	0.7053144694	
0.8806786762	0.7193436912	
0.87647366	0.7324600196	
0.8723866019	0.74467704	
0.8684339128	0.7560124054	
0.864631612	0.7664869811	
0.8609952351	0.7761240303	
0.8575397441	0.7849484521	
0.8542794417	0.7929860789	
0.8512278883	0.8002630392	
0.8483978242	0.8068051877	
0.8458010959	0.8126376024	
0.8434485884	0.8177841475	
0.8413501626	0.8222670988	
0.8395145995	0.8261068274	
0.8379495501	0.8293215377	
0.836661493	0.8319270541	
0.8356556983	0.833936652	
0.8349361991	0.8353609296	
0.8345057709	0.8362077144	
0.8343659175	0.8364820043	
0.8345168654	0.8361859374	
0.8349575659	0.835318792	
0.8356857039	0.8338770145	
0.8366977151	0.831854275	
0.8379888104	0.8292415534	
0.8395530067	0.8260272562	
0.8413831661	0.8221973676	
0.8434710402	0.8177356375	
0.845807322	0.8126238099	
0.8483817027	0.8068418959	
0.8511829352	0.8003684947	
0.8541989013	0.7931811661	
0.8574166854	0.7852568564	
0.8608226502	0.776572381	
0.8644025182	0.7671049628	
0.8681414546	0.7568328264	
0.8720241535	0.7457358432	
0.8760349262	0.7337962237	
0.8801577904	0.7209992484	
0.8843765603	0.7073340253	
0.8886749373	0.6927942626	
0.8930365997	0.6773790384	
0.8974452918	0.6610935495	
0.9018849114	0.643949818	
0.9063395952	0.6259673329	
0.9107938014	0.607173604	
0.9152323892	0.5876046022	
0.9196406952	0.567305066	
0.9240046044	0.5463286503	
0.9283106183	0.5247379023	
0.9325459167	0.5026040465	
0.936698415	0.4800065737	
0.9407568156	0.4570326266	
0.9447106536	0.4337761875	
0.948550336	0.4103370756	
0.9522671749	0.386819772	
0.9558534145	0.3633320927	
0.9593022507	0.3399837409	
0.9626078451	0.31688477	
0.9657653315	0.2941439966	
0.9687708163	0.2718674023	
0.9716213724	0.2501565667	
0.9743150265	0.2291071713	
0.9768507403	0.2088076134	
0.9792283856	0.1893377645	
0.981448714	0.1707679045	
0.9835133207	0.1531578545	
0.9854246032	0.1365563272	
0.9871857156	0.1210005045	
0.9888005184	0.106515847	
0.9902735237	0.09311613028	
0.9916098378	0.08080369938	
0.9928151003	0.06956992499	
0.9938954203	0.05939584112	
0.9948573109	0.05025293981	
0.995707622	0.04210409628	
0.996453472	0.03490459603	
0.9971021788	0.02860323546	
0.997661191	0.02314346796	
0.9981380189	0.01846456908	
0.9985401676	0.01450279665	
0.99887507	0.01119252441	
0.9991500232	0.008467330908	
0.9993721261	0.006261028714	
0.9995482204	0.004508622344	
0.9996848347	0.003147186494	
0.9997881322	0.002116659179	
0.9998638619	0.001360547039	
0.999917315	0.0008265423456	
0.9999532849	0.0004670530897	
0.9999760325	0.0002396489659	
0.9999892568	0.0001074270232	
0.9999960698	3.930134024e-05	
0.9999989779	1.022127339e-05	
0.9999998677	1.322701077e-06	
0.9999999984	1.629569468e-08	
0.9999999984	1.625229162e-08	
0.9999998688	1.31216154e-06	
0.9999989914	1.00858942e-05	
0.9999961425	3.857453071e-05	
0.9999895115	0.0001048795838	
0.9999767254	0.0002327220828	
0.9999548766	0.0004511425673	
0.9999205571	0.000794144724	
0.9998698957	0.001300281331	
0.9997985994	0.002012181378	
0.9997019989	0.002976017747	
0.9995750969	0.004240915612	
0.9994126196	0.005858302883	
0.9992090703	0.007881205337	
0.9989587859	0.01036349078	
0.9986559936	0.01335906836	
0.9982948706	0.0169210512	
0.9978696027	0.02110089242	
0.9973744446	0.02594750669	
0.9968037793	0.03150639138	
0.9961521769	0.03781876271	
0.9954144528	0.044920724	
0.9945857236	0.05284248342	
0.9936614616	0.06160763959	
0.9926375469	0.07123255244	
0.9915103168	0.08172581632	
0.9902766116	0.09308785054	
0.9889338174	0.1053106204	
0.987479905	0.1183774987	
0.9859134647	0.1322632752	
0.9842337365	0.146934316	
0.9824406362	0.1623488737	
0.9805347765	0.1784575416	
0.9785174826	0.195203844	
0.9763908037	0.2125249494	
0.9741575188	0.2303524898	
0.971821137	0.2486134675	
0.969385893	0.267231227	
0.9668567375	0.2861264692	
0.9642393218	0.3052182841	
0.9615399779	0.3244251774	
0.9587656933	0.3436660694	
0.9559240814	0.362861243	
0.9530233467	0.3819332235	
0.9500722464	0.4008075725	
0.947080047	0.4194135839	
0.9440564783	0.4376848716	
0.9410116823	0.4555598428	
0.9379561607	0.4729820554	
0.934900718	0.4899004582	
0.9318564034	0.50626952	
0.9288344497	0.522049251	
0.9258462114	0.5372051286	
0.922903101	0.5517079344	
0.9200165247	0.5655335161	
0.9171978181	0.5786624853	
0.9144581811	0.5910798642	
0.9118086144	0.6027746932	
0.909259856	0.6137396114	
0.9068223196	0.6239704209	
0.9045060347	0.6334656446	
0.9023205886	0.642226088	
0.9002750712	0.6502544107	
0.8983780225	0.6575547156	
0.8966373835	0.6641321614	
0.8950604506	0.6699926013	
0.8936538337	0.675142253	
0.892423419	0.6795874007	
0.891374335	0.6833341325	
0.8905109245	0.6863881127	
0.8898367201	0.6887543902	
0.8893544254	0.690437244	
0.8890659007	0.6914400637	
0.8889721542	0.691765267	
0.8890733376	0.6914142522	
0.889368748	0.690387387	
0.8898568335	0.6886840308	
0.8905352049	0.6863025937	
0.8914006519	0.6832406278	
0.8924491641	0.6794949544	
0.8936759566	0.6750618239	
0.8950755005	0.6699371084	
0.896641557	0.6641165278	
0.898367216	0.6575959059	
0.9002449382	0.6503714559	
0.9022666008	0.6424400944	
0.904423546	0.6337997779	
0.9067066325	0.6244498622	
0.9091062897	0.6143914766	
0.9116125737	0.6036279096	
0.9142152247	0.5921649995	
0.916903726	0.5800115223	
0.9196673645	0.567179569	
0.9224952906	0.5536849032	
0.9253765789	0.5395472896	
0.9283002886	0.524790784	
0.9312555233	0.5094439733	
0.9342314893	0.4935401574	
0.9372175531	0.4771174615	
0.9402032968	0.4602188714	
0.9431785712	0.442892184	
0.9461335471	0.4251898671	
0.9490587629	0.4071688234	
0.9519451703	0.3888900594	
0.9547841757	0.3704182572	
0.9575676786	0.3518212541	
0.9602881059	0.333169436	
0.9629384428	0.3145350528	
0.9655122588	0.2959914678	
0.9680037305	0.2776123545	
0.9704076588	0.2594708569	
0.9727194828	0.2416387294	
0.974935289	0.2241854771	
0.9770518154	0.207177512	
0.9790664521	0.190677347	
0.980977237	0.1747428426	
0.9827828474	0.1594265261	
0.9844825871	0.1447749947	
0.9860763705	0.1308284177	
0.9875647011	0.1176201459	
0.9889486484	0.1051764356	
0.9902298193	0.09351629128	
0.9914103283	0.08265142683	
0.992492763	0.07258634377	
0.9934801479	0.06331852087	
0.9943759061	0.05483870792	
0.9951838177	0.04713131354	
0.9959079779	0.04017487599	
0.9965527524	0.033942604	
0.997122733	0.02840297424	
0.9976226912	0.02352037179	
0.9980575324	0.0192557596	
0.9984322494	0.015567364	
0.9987518768	0.0124113637	
0.9990214451	0.009742571008	
0.9992459369	0.007515095153	
0.9994302435	0.005682979082	
0.9995791235	0.004200802529	
0.9996971631	0.003024245602	
0.9997887384	0.002110608602	
0.9998579808	0.001419285052	
0.9999087439	0.0009121861529	
0.9999445746	0.0005541158687	
0.9999686859	0.000313096747	
0.9999839341	0.0001606472183	
0.9999927986	7.20116351e-05	
0.9999973655	2.634462993e-05	
0.9999993148	6.851534888e-06	
0.9999999113	8.866332317e-07	
0.9999999989	1.092333113e-08	
0.9999999989	1.089423662e-08	
0.999999912	8.795683442e-07	
0.9999993239	6.760787137e-06	
0.9999974142	2.585742905e-05	
0.9999929694	7.030398111e-05	
0.9999843985	0.0001560036633	
0.9999697529	0.00030243015	
0.9999467479	0.0005323938666	
0.9999127885	0.0008717728756	
0.9998649972	0.001349208525	
0.9998002439	0.001995766305	
0.9997151789	0.002844562773	
0.9996062671	0.003930359931	
0.999469824	0.00528912908	
0.9993020533	0.006957586929	
0.9990990856	0.008972707549	
0.9988570176	0.01137121463	
0.998571952	0.01418905938	
0.9982400376	0.01746089031	
0.9978575092	0.0212195219	
0.9974207271	0.02549540987	
0.9969262158	0.03031614147	
0.996370702	0.03570594929	
0.9957511506	0.04168525767	
0.9950648001	0.04827027042	
0.9943091952	0.0554726084	
0.9934822179	0.06329900475	
0.992582116	0.07175106506	
0.9916075294	0.08082509811	
0.990557513	0.09051202197	
0.9894315575	0.1007973485	
0.9882296065	0.1116612472	
0.9869520705	0.1230786887	
0.9855998379	0.135019665	
0.9841742825	0.1474494819	
0.9826772668	0.1603291193	
0.9811111432	0.1736156507	
0.9794787504	0.1872627129	
0.9777834068	0.2012210178	
0.9760289005	0.2154388938	
0.9742194762	0.229862846	
0.9723598177	0.2444381259	
0.9704550282	0.2591092956	
0.9685106076	0.2738207803	
0.9665324259	0.2885173955	
0.9645266947	0.3031448421	
0.9624999359	0.317650162	
0.9604589482	0.3319821453	
0.9584107708	0.3460916884	
0.9563626463	0.3599320951	
0.9543219812	0.3734593232	
0.9522963051	0.3866321725	
0.950293229	0.3994124176	
0.9483204031	0.4117648869	
0.9463854732	0.4236574902	
0.9444960376	0.4350612002	
0.942659604	0.4459499916	
0.9408835463	0.4563007437	
0.9391750625	0.4660931115	
0.937541133	0.4753093715	
0.9359884808	0.4839342474	
0.9345235325	0.4919547218	
0.9331523812	0.4993598383	
0.9318807514	0.5061405006	
0.9307139662	0.5122892715	
0.9296569164	0.5178001769	
0.9287140329	0.5226685188	
0.9278892612	0.5268906999	
0.9271860392	0.5304640628	
0.9266072779	0.5333867471	
0.9261553451	0.5356575642	
0.9258320533	0.5372758944	
0.9256386495	0.5382416047	
0.9255758093	0.5385549897	
0.9256436346	0.5382167357	
0.9258416541	0.5372279085	
0.9261688275	0.5355899636	
0.9266235535	0.533304781	
0.92720368	0.5303747208	
0.9279065187	0.5268027008	
0.9287288623	0.5225922947	
0.9296670046	0.517747848	
0.9307167637	0.5122746116	
0.9318735075	0.5061788887	
0.9331321824	0.4994681949	
0.9344873434	0.4921514264	
0.9359331869	0.4842390342	
0.9374635856	0.4757432006	
0.939072124	0.466678013	
0.9407521364	0.4570596328	
0.9424967454	0.4469064523	
0.9442989018	0.4362392372	
0.9461514241	0.4250812485	
0.9480470396	0.4134583396	
0.9499784249	0.4013990239	
0.9519382461	0.3889345084	
0.9539191992	0.3760986899	
0.9559140489	0.3629281084	
0.9579156673	0.3494618583	
0.9599170712	0.3357414512	
0.9619114572	0.3218106335	
0.9638922368	0.3077151547	
0.9658530676	0.2935024911	
0.9677878844	0.2792215241	
0.9696909266	0.264922179	
0.9715567644	0.2506550265	
0.9733803213	0.2364708551	
0.9751568952	0.2224202185	
0.9768821757	0.2085529675	
0.9785522591	0.1949177733	
0.9801636605	0.1815616518	
0.9817133225	0.1685294971	
0.9831986218	0.1558636329	
0.9846173719	0.1436033916	
0.9859678232	0.1317847278	
0.9872486606	0.1204398752	
0.9884589975	0.1095970518	
0.9895983671	0.09928021996	
0.990666712	0.08950890513	
0.9916643699	0.08029807637	
0.9925920575	0.0716580896	
0.993450852	0.06359469425	
0.9942421709	0.0561091017	
0.9949677485	0.04919811318	
0.9956296125	0.04285430337	
0.9962300571	0.03706625509	
0.9967716165	0.03181883952	
0.9972570355	0.02709353587	
0.9976892408	0.02286878395	
0.9980713102	0.01912036263	
0.9984064422	0.01582178758	
0.998697925	0.01294472119	
0.9989491054	0.01045938833	
0.999163358	0.00833499182	
0.999344055	0.006540121885	
0.9994945364	0.005043154584	
0.9996180808	0.003812634863	
0.9997178781	0.002817640406	
0.9997970023	0.002028123246	
0.9998583871	0.001415226682	
0.9999048017	0.0009515756737	
0.9999388292	0.000611539447	
0.9999628472	0.0003714655175	
0.9999790095	0.0002098847765	
0.9999892307	0.0001076876178	
0.9999951728	4.827135845e-05	
0.999998234	1.765940266e-05	
0.9999995407	4.592725881e-06	
0.9999999406	5.943281132e-07	
0.9999999993	7.322128459e-09	
0.9999999993	7.302625171e-09	
0.999999941	5.895923639e-07	
0.9999995468	4.531895659e-06	
0.9999982667	1.733281944e-05	
0.9999952872	4.712665922e-05	
0.999989542	0.0001045748028	
0.9999797247	0.0002027340885	
0.999964304	0.0003569024745	
0.9999415404	0.0005844424407	
0.9999095049	0.0009045826578	
0.9998660995	0.001338198621	
0.9998090787	0.00190757316	
0.999736073	0.002636138012	
0.9996446124	0.003548197944	
0.9995321523	0.004668639257	
0.999396099	0.006022624908	
0.999233836	0.007635278843	
0.9990427508	0.009531362568	
0.9988202619	0.01173494733	
0.9985638455	0.01426908569	
0.9982710617	0.01715548651	
0.9979395808	0.02041419773	
0.9975672088	0.02406330134	
0.9971519111	0.02811862518	
0.9966918366	0.03259347606	
0.9961853395	0.03749839866	
0.995631	0.04284096436	
0.9950276437	0.04862559372	
0.9943743587	0.05485341606	
0.9936705117	0.06152216873	
0.9929157611	0.06862613828	
0.9921100693	0.07615614464	
0.9912537113	0.08409956901	
0.9903472827	0.09244042495	
0.9893917043	0.1011594716	
0.9883882247	0.1102343667	
0.9873384207	0.1196398574	
0.986244195	0.1293480041	
0.9851077722	0.1393284341	
0.9839316915	0.1495486201	
0.9827187981	0.1599741783	
0.9814722317	0.1705691809	
0.9801954132	0.1812964774	
0.9788920291	0.1921180196	
0.9775660142	0.2029951835	
0.9762215324	0.2138890859	
0.9748629553	0.2247608874	
0.9734948403	0.2355720808	
0.972121906	0.2462847593	
0.9707490071	0.2568618618	
0.9693811083	0.2672673939	
0.968023257	0.2774666215	
0.966680555	0.2874262372	
0.9653581302	0.2971144979	
0.9640611079	0.306501335	
0.9627945814	0.3155584376	
0.9615635831	0.3242593094	
0.9603730561	0.3325793014	
0.9592278251	0.3404956233	
0.9581325694	0.3479873346	
0.9570917955	0.3550353182	
0.9561098113	0.3616222407	
0.9551907011	0.3677324997	
0.9543383021	0.3733521632	
0.9535561826	0.3784689017	
0.952847621	0.3830719174	
0.9522155873	0.3871518722	
0.9516627263	0.3907008159	
0.9511913425	0.3937121183	
0.9508033871	0.396180406	
0.9505004476	0.3981015056	
0.9502837386	0.3994723946	
0.9501540961	0.4002911619	
0.950111973	0.4005569769	
0.9501574377	0.4002700703	
0.9502901741	0.3994317242	
0.9505094851	0.3980442736	
0.950814297	0.3961111178	
0.9512031674	0.3936367421	
0.9516742943	0.390626748	
0.9522255277	0.3870878924	
0.9528543833	0.3830281327	
0.9535580579	0.3784566786	
0.9543334464	0.3733840465	
0.9551771614	0.3678221167	
0.956085553	0.3617841907	
0.9570547309	0.3552850455	
0.9580805878	0.3483409848	
0.9591588233	0.3409698823	
0.9602849693	0.3331912164	
0.9614544158	0.3250260935	
0.9626624373	0.3164972576	
0.9639042201	0.3076290835	
0.9651748892	0.2984475525	
0.9664695355	0.2889802082	
0.9677832429	0.2792560912	
0.9691111155	0.2693056512	
0.9704483032	0.2591606361	
0.9717900282	0.2488539579	
0.9731316093	0.2384195352	
0.9744684863	0.2278921134	
0.9757962425	0.2173070637	
0.9771106267	0.2067001624	
0.9784075731	0.1961073535	
0.9796832205	0.1855644965	
0.980933929	0.1751071038	
0.9821562958	0.1647700698	
0.9833471689	0.1545873975	
0.984503659	0.1445919251	
0.9856231494	0.1348150579	
0.986703304	0.1252865101	
0.9877420735	0.1160340592	
0.9887376994	0.1070833197	
0.989688716	0.09845753797	
0.9905939506	0.09017741169	
0.9914525216	0.0822609388	
0.9922638346	0.07472329646	
0.993027577	0.06757675303	
0.99374371	0.060830614	
0.99441246	0.05449120272	
0.9950343076	0.04856187574	
0.9956099748	0.04304307233	
0.9961404117	0.03793239683	
0.9966267809	0.03322473202	
0.9970704416	0.02891238143	
0.9974729317	0.02498523756	
0.9978359498	0.02143097338	
0.9981613359	0.01823525333	
0.9984510518	0.01538196083	
0.9987071606	0.01285343829	
0.9989318063	0.01063073635	
0.999127193	0.008693868674	
0.9992955643	0.007022068994	
0.9994391821	0.005594047134	
0.9995603069	0.004388241126	
0.9996611776	0.003383062683	
0.9997439919	0.002557133656	
0.999810888	0.001889511373	
0.9998639266	0.001359901097	
0.999905074	0.0009488541213	
0.9999361866	0.0006379503375	
0.999958996	0.0004099643523	
0.9999750958	0.0002490145079	
0.9999859297	0.0001406943546	
0.9999927811	7.218632241e-05	
0.9999967642	3.235749107e-05	
0.9999988162	1.183748267e-05	
0.9999996921	3.078598343e-06	
0.9999999602	3.983900884e-07	
0.9999999995	4.908169426e-09	
0.9999999995	4.89509544e-09	
0.9999999605	3.952156099e-07	
0.9999996962	3.037822529e-06	
0.9999988381	1.161856614e-05	
0.9999968409	3.159016512e-05	
0.9999929898	7.009967401e-05	
0.9999864091	0.0001359008109	
0.9999760723	0.000239251552	
0.9999608133	0.00039179746	
0.9999393393	0.0006064412949	
0.9999102438	0.0008971995533	
0.9998720217	0.001279046708	
0.9998230844	0.001767748053	
0.9997617766	0.002379682226	
0.9996863923	0.003131654635	
0.9995951931	0.004040703218	
0.9994864249	0.005123898125	
0.9993583367	0.006398137113	
0.9992091979	0.0078799386	
0.9990373168	0.009585234507	
0.998841058	0.01152916512	
0.9986188597	0.01372587834	
0.9983692513	0.01618833575	
0.9980908689	0.01892812794	
0.9977824718	0.02195530155	
0.9974429566	0.02527820039	
0.9970713717	0.02890332287	
0.9966669299	0.03283519789	
0.9962290199	0.03707628092	
0.9957572171	0.04162687208	
0.9952512927	0.04648505717	
0.9947112213	0.05164667293	
0.9941371873	0.05710529683	
0.9935295901	0.06285226154	
0.9928890467	0.06887669405	
0.9922163943	0.07516557842	
0.9915126896	0.0817038414	
0.9907792082	0.08847445927	
0.9900174412	0.09545858418	
0.9892290907	0.1026356879	
0.988416064	0.1099837207	
0.9875804655	0.1174792826	
0.9867245884	0.1250978045	
0.985850904	0.1328137364	
0.9849620496	0.14060074	
0.9840608165	0.1484318822	
0.9831501351	0.1562798286	
0.9822330602	0.1641170323	
0.9813127547	0.1719159173	
0.9803924731	0.1796490541	
0.9794755431	0.1872893252	
0.9785653482	0.1948100796	
0.9776653081	0.2021852751	
0.9767788603	0.209389607	
0.9759094402	0.2163986229	
0.9750604621	0.2231888242	
0.9742352993	0.2297377529	
0.9734372651	0.2360240646	
0.9726695938	0.2420275892	
0.971935422	0.247729378	
0.9712377704	0.2531117399	
0.9705795267	0.2581582674	
0.9699634287	0.2628538524	
0.9693920486	0.2671846949	
0.9688677782	0.2711383038	
0.9683928151	0.2747034932	
0.9679691503	0.2778703733	
0.9675985565	0.280630339	
0.9672825784	0.2829760563	
0.9670225242	0.284901447	
0.9668194577	0.2864016746	
0.9666741934	0.2874731296	
0.9665872914	0.2881134171	
0.9665590555	0.2883213459	
0.9665895313	0.2880969199	
0.9666785072	0.2874413318	
0.9668255158	0.2863569597	
0.9670298373	0.2848473658	
0.9672905049	0.2829172969	
0.9676063107	0.2805726872	
0.9679758135	0.2778206621	
0.968397348	0.2746695422	
0.9688690352	0.2711288475	
0.9693887937	0.2672092999	
0.9699543528	0.2629228239	
0.9705632659	0.2582825442	
0.9712129252	0.2533027788	
0.9719005777	0.2479990268	
0.9726233406	0.2423879501	
0.9733782188	0.2364873473	
0.9741621222	0.2303161193	
0.9749718832	0.2238942257	
0.9758042752	0.2172426308	
0.9766560301	0.2103832388	
0.9775238575	0.2033388186	
0.9784044619	0.1961329161	
0.9792945615	0.1887897554	
0.9801909052	0.181334129	
0.9810902904	0.1737912763	
0.9819895791	0.1661867529	
0.9828857145	0.1585462895	
0.9837757362	0.1508956435	
0.9846567942	0.1432604434	
0.9855261634	0.1356660283	
0.9863812554	0.128137284	
0.9872196304	0.1206984776	
0.9880390073	0.1133730933	
0.9888372735	0.1061836709	
0.989612492	0.09915164894	
0.9903629088	0.09229721632	
0.9910869581	0.0856391723	
0.9917832661	0.07919479876	
0.9924506541	0.07297974562	
0.9930881396	0.06700793152	
0.9936949365	0.06129146114	
0.9942704539	0.05584056042	
0.9948142933	0.05066353059	
0.9953262451	0.04576672165	
0.9958062834	0.04115452568	
0.99625456	0.03682938993	
0.9966713968	0.03279184943	
0.9970572781	0.02904057843	
0.9974128406	0.02557245995	
0.9977388636	0.02238267211	
0.9980362583	0.01946479004	
0.9983060555	0.01681090171	
0.9985493938	0.01441173599	
0.9987675066	0.01225680121	
0.998961709	0.01033453214	
0.9991333838	0.00863244365	
0.9992839683	0.007137288987	
0.99941494	0.005835220776	
0.9995278026	0.004711952961	
0.9996240725	0.003752921875	
0.9997052649	0.002943444824	
0.9997728805	0.00226887466	
0.9998283926	0.00171474898	
0.9998732344	0.001266932705	
0.9999087873	0.0009117529894	
0.9999363692	0.0006361255116	
0.9999572246	0.0004276713847	
0.9999725142	0.0002748240411	
0.9999833062	0.0001669255839	
0.9999905684	9.431221514e-05	
0.999995161	4.838845733e-05	
0.999997831	2.168997911e-05	
0.9999992065	7.934915904e-06	
0.9999997936	2.06364714e-06	
0.9999999733	2.670488809e-07	
0.9999999997	3.290044903e-09	
0.9999999997	3.281280803e-09	
0.9999999735	2.649209581e-07	
0.9999997964	2.036314241e-06	
0.9999992212	7.788171179e-06	
0.9999978824	2.11756201e-05	
0.9999953009	4.698970525e-05	
0.9999908897	9.109887438e-05	
0.9999839608	0.000160380804	
0.9999737324	0.0002626449591	
0.9999593379	0.0004065463394	
0.9999398346	0.0006014909283	
0.9999142135	0.0008575334313	
0.9998814099	0.001185267967	
0.9998403141	0.001595712459	
0.9997897825	0.00210018756	
0.9997286498	0.002710191036	
0.9996557403	0.003437268612	
0.9995698802	0.004292882382	
0.9994699095	0.005288277967	
0.9993546942	0.006434351641	
0.9992231379	0.007741518767	
0.999074194	0.009219584854	
0.9989068764	0.01087762064	
0.9987202712	0.01272384255	
0.9985135464	0.01476549997	
0.9982859625	0.01700877052	
0.9980368817	0.01945866476	
0.9977657763	0.02211894135	
0.9974722364	0.0249920339	
0.9971559776	0.02807899021	
0.9968168463	0.03137942493	
0.9964548256	0.03489148601	
0.9960700392	0.03861183556	
0.9956627545	0.04253564516	
0.9952333855	0.04665660576	
0.994782493	0.05096695186	
0.9943107857	0.05545749976	
0.9938191184	0.06011769897	
0.9933084907	0.06493569636	
0.9927800436	0.06989841184	
0.9922350555	0.07499162451	
0.9916749371	0.08020006819	
0.9911012255	0.0855075348	
0.9905155773	0.09089698441	
0.9899197604	0.09635066026	
0.9893156458	0.1018502075	
0.9887051978	0.1073767942	
0.9880904641	0.1129112329	
0.9874735649	0.1184341017	
0.9868566817	0.1239258637	
0.9862420451	0.1293669831	
0.9856319232	0.1347380375	
0.9850286083	0.1400198254	
0.9844344045	0.1451934672	
0.9838516149	0.1502405012	
0.9832825278	0.1551429715	
0.9827294046	0.1598835096	
0.9821944663	0.1644454087	
0.9816798809	0.1688126901	
0.9811877508	0.1729701629	
0.9807201009	0.1769034766	
0.980278867	0.1805991664	
0.9798658841	0.1840446928	
0.9794828766	0.1872284744	
0.9791314476	0.190139916	
0.9788130704	0.1927694311	
0.9785290793	0.1951084597	
0.9782806629	0.1971494827	
0.9780688565	0.1988860324	
0.9778945369	0.2003126998	
0.9777584174	0.2014251397	
0.9776610438	0.2022200731	
0.9776027916	0.2026952881	
0.9775838645	0.2028496387	
0.9776042931	0.2026830424	
0.9776639354	0.2021964765	
0.9777624782	0.2013919727	
0.977899439	0.200272611	
0.9780741698	0.1988425114	
0.9782858607	0.1971068243	
0.9785335458	0.1950717195	
0.9788161089	0.192744372	
0.9791322902	0.1901329467	
0.9794806948	0.1872465788	
0.9798598004	0.1840953521	
0.980267967	0.1806902731	
0.9807034467	0.177043241	
0.9811643939	0.1731670135	
0.9816488764	0.1690751676	
0.9821548864	0.1647820549	
0.9826803526	0.1603027522	
0.9832231516	0.1556530055	
0.9837811206	0.1508491686	
0.984352069	0.145908136	
0.9849337911	0.1408472693	
0.9855240779	0.1356843187	
0.9861207295	0.1304373384	
0.9867215667	0.1251245973	
0.9873244426	0.1197644852	
0.9879272538	0.1143754146	
0.9885279514	0.1089757205	
0.9891245507	0.1035835561	
0.9897151416	0.09821678881	
0.9902978972	0.09289289477	
0.9908710825	0.08762885454	
0.991433062	0.08244105055	
0.9919823068	0.0773451674	
0.9925174006	0.07235609648	
0.9930370451	0.06748784579	
0.9935400646	0.06275345616	
0.9940254093	0.05816492503	
0.9944921586	0.05373313857	
0.9949395221	0.04946781318	
0.9953668414	0.04537744705	
0.9957735896	0.04146928245	
0.9961593704	0.03774927915	
0.9965239168	0.03422209949	
0.9968670884	0.03089110504	
0.9971888677	0.02775836502	
0.9974893565	0.02482467629	
0.9977687706	0.02208959463	
0.9980274345	0.01955147683	
0.9982657752	0.01720753299	
0.998484315	0.01505388842	
0.9986836646	0.01308565416	
0.998864515	0.01129700543	
0.9990276296	0.009681266774	
0.999173835	0.008231003097	
0.9993040127	0.006938115354	
0.9994190898	0.005793939884	
0.9995200296	0.00478935026	
0.9996078225	0.003914860592	
0.9996834766	0.003160729221	
0.9997480083	0.002517061801	
0.9998024332	0.001973912814	
0.9998477573	0.001521384625	
0.9998849681	0.001149723252	
0.9999150265	0.0008494101049	
0.9999388583	0.0006112490098	
0.999957347	0.0004264479359	
0.9999713268	0.0002866948953	
0.9999815757	0.0001842275762	
0.9999888098	0.0001118963365	
0.9999936778	6.322025315e-05	
0.9999967564	3.24359859e-05	
0.9999985461	1.453927463e-05	
0.9999994681	5.318939482e-06	
0.9999998617	1.383304479e-06	
0.9999999821	1.790082271e-07	
0.9999999998	2.205382543e-09	

