3.998499719	1.003	
3.995497466	1.009	
3.992492956	1.015	
3.989486182	1.021	
3.986477142	1.027	
3.983465828	1.033	
3.980452236	1.039	
3.97743636	1.045	
3.974418196	1.051	
3.971397739	1.057	
3.968374982	1.063	
3.965349922	1.069	
3.962322551	1.075	
3.959292866	1.081	
3.956260861	1.087	
3.95322653	1.093	
3.950189869	1.099	
3.947150871	1.105	
3.944109532	1.111	
3.941065846	1.117	
3.938019807	1.123	
3.93497141	1.129	
3.93192065	1.135	
3.928867521	1.141	
3.925812018	1.147	
3.922754135	1.153	
3.919693866	1.159	
3.916631206	1.165	
3.913566149	1.171	
3.910498689	1.177	
3.907428822	1.183	
3.904356541	1.189	
3.901281841	1.195	
3.898204715	1.201	
3.895125158	1.207	
3.892043165	1.213	
3.88895873	1.219	
3.885871846	1.225	
3.882782507	1.231	
3.879690709	1.237	
3.876596445	1.243	
3.87349971	1.249	
3.870400496	1.255	
3.867298799	1.261	
3.864194612	1.267	
3.86108793	1.273	
3.857978745	1.279	
3.854867053	1.285	
3.851752848	1.291	
3.848636122	1.297	
3.84551687	1.303	
3.842395086	1.309	
3.839270764	1.315	
3.836143897	1.321	
3.833014479	1.327	
3.829882505	1.333	
3.826747967	1.339	
3.823610859	1.345	
3.820471175	1.351	
3.817328909	1.357	
3.814184054	1.363	
3.811036604	1.369	
3.807886553	1.375	
3.804733893	1.381	
3.801578619	1.387	
3.798420724	1.393	
3.795260202	1.399	
3.792097045	1.405	
3.788931248	1.411	
3.785762803	1.417	
3.782591704	1.423	
3.779417945	1.429	
3.776241518	1.435	
3.773062417	1.441	
3.769880635	1.447	
3.766696165	1.453	
3.763509001	1.459	
3.760319135	1.465	
3.757126562	1.471	
3.753931273	1.477	
3.750733262	1.483	
3.747532522	1.489	
3.744329045	1.495	
3.741122826	1.501	
3.737913857	1.507	
3.73470213	1.513	
3.731487639	1.519	
3.728270376	1.525	
3.725050335	1.531	
3.721827508	1.537	
3.718601888	1.543	
3.715373467	1.549	
3.712142239	1.555	
3.708908195	1.561	
3.705671329	1.567	
3.702431633	1.573	
3.6991891	1.579	
3.695943723	1.585	
3.692695492	1.591	
3.689444403	1.597	
3.686190445	1.603	
3.682933613	1.609	
3.679673899	1.615	
3.676411294	1.621	
3.673145791	1.627	
3.669877382	1.633	
3.66660606	1.639	
3.663331817	1.645	
3.660054644	1.651	
3.656774535	1.657	
3.653491481	1.663	
3.650205474	1.669	
3.646916506	1.675	
3.643624569	1.681	
3.640329655	1.687	
3.637031757	1.693	
3.633730865	1.699	
3.630426972	1.705	
3.62712007	1.711	
3.62381015	1.717	
3.620497203	1.723	
3.617181223	1.729	
3.6138622	1.735	
3.610540126	1.741	
3.607214992	1.747	
3.603886791	1.753	
3.600555513	1.759	
3.59722115	1.765	
3.593883693	1.771	
3.590543134	1.777	
3.587199465	1.783	
3.583852676	1.789	
3.580502758	1.795	
3.577149703	1.801	
3.573793503	1.807	
3.570434147	1.813	
3.567071628	1.819	
3.563705936	1.825	
3.560337063	1.831	
3.556964998	1.837	
3.553589734	1.843	
3.550211261	1.849	
3.54682957	1.855	
3.543444652	1.861	
3.540056497	1.867	
3.536665096	1.873	
3.53327044	1.879	
3.529872519	1.885	
3.526471324	1.891	
3.523066846	1.897	
3.519659074	1.903	
3.516248	1.909	
3.512833614	1.915	
3.509415906	1.921	
3.505994866	1.927	
3.502570485	1.933	
3.499142752	1.939	
3.495711659	1.945	
3.492277194	1.951	
3.488839349	1.957	
3.485398112	1.963	
3.481953475	1.969	
3.478505426	1.975	
3.475053956	1.981	
3.471599055	1.987	
3.468140712	1.993	
3.464678917	1.999	
3.46121366	2.005	
3.45774493	2.011	
3.454272717	2.017	
3.450797009	2.023	
3.447317798	2.029	
3.443835072	2.035	
3.44034882	2.041	
3.436859031	2.047	
3.433365696	2.053	
3.429868802	2.059	
3.42636834	2.065	
3.422864298	2.071	
3.419356665	2.077	
3.41584543	2.083	
3.412330582	2.089	
3.40881211	2.095	
3.405290002	2.101	
3.401764248	2.107	
3.398234836	2.113	
3.394701754	2.119	
3.391164992	2.125	
3.387624536	2.131	
3.384080377	2.137	
3.380532502	2.143	
3.3769809	2.149	
3.373425559	2.155	
3.369866466	2.161	
3.366303611	2.167	
3.36273698	2.173	
3.359166563	2.179	
3.355592347	2.185	
3.35201432	2.191	
3.348432469	2.197	
3.344846783	2.203	
3.341257248	2.209	
3.337663854	2.215	
3.334066586	2.221	
3.330465433	2.227	
3.326860382	2.233	
3.32325142	2.239	
3.319638535	2.245	
3.316021713	2.251	
3.312400942	2.257	
3.308776209	2.263	
3.3051475	2.269	
3.301514804	2.275	
3.297878106	2.281	
3.294237393	2.287	
3.290592652	2.293	
3.286943869	2.299	
3.283291032	2.305	
3.279634126	2.311	
3.275973138	2.317	
3.272308054	2.323	
3.26863886	2.329	
3.264965543	2.335	
3.261288089	2.341	
3.257606483	2.347	
3.253920712	2.353	
3.250230761	2.359	
3.246536616	2.365	
3.242838263	2.371	
3.239135687	2.377	
3.235428874	2.383	
3.231717809	2.389	
3.228002478	2.395	
3.224282866	2.401	
3.220558958	2.407	
3.216830738	2.413	
3.213098193	2.419	
3.209361307	2.425	
3.205620065	2.431	
3.201874451	2.437	
3.19812445	2.443	
3.194370047	2.449	
3.190611227	2.455	
3.186847973	2.461	
3.183080269	2.467	
3.179308101	2.473	
3.175531452	2.479	
3.171750305	2.485	
3.167964646	2.491	
3.164174458	2.497	
3.160379724	2.503	
3.156580428	2.509	
3.152776554	2.515	
3.148968085	2.521	
3.145155004	2.527	
3.141337295	2.533	
3.13751494	2.539	
3.133687923	2.545	
3.129856227	2.551	
3.126019834	2.557	
3.122178726	2.563	
3.118332888	2.569	
3.1144823	2.575	
3.110626946	2.581	
3.106766808	2.587	
3.102901868	2.593	
3.099032107	2.599	
3.095157508	2.605	
3.091278053	2.611	
3.087393723	2.617	
3.0835045	2.623	
3.079610365	2.629	
3.0757113	2.635	
3.071807286	2.641	
3.067898303	2.647	
3.063984334	2.653	
3.060065359	2.659	
3.056141358	2.665	
3.052212312	2.671	
3.048278203	2.677	
3.044339009	2.683	
3.040394711	2.689	
3.03644529	2.695	
3.032490725	2.701	
3.028530997	2.707	
3.024566085	2.713	
3.020595968	2.719	
3.016620626	2.725	
3.012640038	2.731	
3.008654184	2.737	
3.004663043	2.743	
3.000666593	2.749	
2.996664813	2.755	
2.992657682	2.761	
2.988645178	2.767	
2.98462728	2.773	
2.980603966	2.779	
2.976575213	2.785	
2.972541001	2.791	
2.968501305	2.797	
2.964456105	2.803	
2.960405378	2.809	
2.9563491	2.815	
2.952287249	2.821	
2.948219802	2.827	
2.944146735	2.833	
2.940068026	2.839	
2.935983651	2.845	
2.931893586	2.851	
2.927797807	2.857	
2.923696291	2.863	
2.919589012	2.869	
2.915475947	2.875	
2.911357072	2.881	
2.907232361	2.887	
2.903101789	2.893	
2.898965333	2.899	
2.894822965	2.905	
2.890674662	2.911	
2.886520397	2.917	
2.882360144	2.923	
2.878193878	2.929	
2.874021573	2.935	
2.869843201	2.941	
2.865658738	2.947	
2.861468155	2.953	
2.857271426	2.959	
2.853068524	2.965	
2.848859421	2.971	
2.84464409	2.977	
2.840422504	2.983	
2.836194634	2.989	
2.831960452	2.995	
2.82771993	3.001	
2.823473039	3.007	
2.81921975	3.013	
2.814960035	3.019	
2.810693865	3.025	
2.806421209	3.031	
2.802142038	3.037	
2.797856322	3.043	
2.793564032	3.049	
2.789265136	3.055	
2.784959605	3.061	
2.780647407	3.067	
2.776328511	3.073	
2.772002886	3.079	
2.767670501	3.085	
2.763331323	3.091	
2.758985321	3.097	
2.754632462	3.103	
2.750272714	3.109	
2.745906044	3.115	
2.741532418	3.121	
2.737151804	3.127	
2.732764168	3.133	
2.728369476	3.139	
2.723967694	3.145	
2.719558788	3.151	
2.715142722	3.157	
2.710719462	3.163	
2.706288972	3.169	
2.701851217	3.175	
2.697406161	3.181	
2.692953769	3.187	
2.688494002	3.193	
2.684026825	3.199	
2.679552201	3.205	
2.675070093	3.211	
2.670580461	3.217	
2.66608327	3.223	
2.661578479	3.229	
2.657066051	3.235	
2.652545947	3.241	
2.648018127	3.247	
2.643482551	3.253	
2.638939181	3.259	
2.634387974	3.265	
2.629828892	3.271	
2.625261892	3.277	
2.620686933	3.283	
2.616103973	3.289	
2.611512971	3.295	
2.606913884	3.301	
2.602306669	3.307	
2.597691283	3.313	
2.593067681	3.319	
2.588435821	3.325	
2.583795658	3.331	
2.579147146	3.337	
2.574490241	3.343	
2.569824897	3.349	
2.565151068	3.355	
2.560468707	3.361	
2.555777768	3.367	
2.551078203	3.373	
2.546369965	3.379	
2.541653005	3.385	
2.536927275	3.391	
2.532192726	3.397	
2.527449307	3.403	
2.52269697	3.409	
2.517935662	3.415	
2.513165335	3.421	
2.508385935	3.427	
2.503597412	3.433	
2.498799712	3.439	
2.493992783	3.445	
2.489176571	3.451	
2.484351022	3.457	
2.479516082	3.463	
2.474671695	3.469	
2.469817807	3.475	
2.464954361	3.481	
2.460081299	3.487	
2.455198566	3.493	
2.450306103	3.499	
2.445403852	3.505	
2.440491754	3.511	
2.435569749	3.517	
2.430637776	3.523	
2.425695776	3.529	
2.420743687	3.535	
2.415781447	3.541	
2.410808993	3.547	
2.405826261	3.553	
2.400833189	3.559	
2.39582971	3.565	
2.39081576	3.571	
2.385791273	3.577	
2.380756182	3.583	
2.37571042	3.589	
2.370653918	3.595	
2.365586608	3.601	
2.36050842	3.607	
2.355419283	3.613	
2.350319127	3.619	
2.34520788	3.625	
2.340085469	3.631	
2.33495182	3.637	
2.329806859	3.643	
2.324650511	3.649	
2.319482701	3.655	
2.314303351	3.661	
2.309112384	3.667	
2.30390972	3.673	
2.298695282	3.679	
2.293468988	3.685	
2.288230758	3.691	
2.282980508	3.697	
2.277718156	3.703	
2.272443619	3.709	
2.26715681	3.715	
2.261857644	3.721	
2.256546033	3.727	
2.25122189	3.733	
2.245885126	3.739	
2.24053565	3.745	
2.235173371	3.751	
2.229798197	3.757	
2.224410034	3.763	
2.219008788	3.769	
2.213594362	3.775	
2.20816666	3.781	
2.202725584	3.787	
2.197271035	3.793	
2.191802911	3.799	
2.186321111	3.805	
2.180825532	3.811	
2.175316069	3.817	
2.169792617	3.823	
2.164255068	3.829	
2.158703314	3.835	
2.153137246	3.841	
2.147556751	3.847	
2.141961718	3.853	
2.136352031	3.859	
2.130727575	3.865	
2.125088233	3.871	
2.119433887	3.877	
2.113764414	3.883	
2.108079695	3.889	
2.102379604	3.895	
2.096664017	3.901	
2.090932806	3.907	
2.085185843	3.913	
2.079422997	3.919	
2.073644135	3.925	
2.067849124	3.931	
2.062037827	3.937	
2.056210106	3.943	
2.050365821	3.949	
2.04450483	3.955	
2.038626989	3.961	
2.032732152	3.967	
2.02682017	3.973	
2.020890893	3.979	
2.014944168	3.985	
2.008979841	3.991	
2.002997753	3.997	
2	4	
2.005991027	3.994	
2.011964214	3.988	
2.017919721	3.982	
2.023857703	3.976	
2.029778313	3.97	
2.035681704	3.964	
2.041568025	3.958	
2.047437423	3.952	
2.053290043	3.946	
2.059126028	3.94	
2.06494552	3.934	
2.070748657	3.928	
2.076535576	3.922	
2.082306414	3.916	
2.088061302	3.91	
2.093800373	3.904	
2.099523756	3.898	
2.105231579	3.892	
2.110923968	3.886	
2.116601049	3.88	
2.122262943	3.874	
2.127909773	3.868	
2.133541656	3.862	
2.139158713	3.856	
2.144761059	3.85	
2.150348809	3.844	
2.155922077	3.838	
2.161480974	3.832	
2.167025611	3.826	
2.172556098	3.82	
2.178072542	3.814	
2.18357505	3.808	
2.189063727	3.802	
2.194538676	3.796	
2.2	3.79	
2.2054478	3.784	
2.210882177	3.778	
2.216303228	3.772	
2.221711052	3.766	
2.227105745	3.76	
2.232487402	3.754	
2.237856117	3.748	
2.243211983	3.742	
2.248555092	3.736	
2.253885534	3.73	
2.259203399	3.724	
2.264508777	3.718	
2.269801753	3.712	
2.275082416	3.706	
2.28035085	3.7	
2.28560714	3.694	
2.29085137	3.688	
2.296083622	3.682	
2.301303978	3.676	
2.306512519	3.67	
2.311709324	3.664	
2.316894473	3.658	
2.322068044	3.652	
2.327230113	3.646	
2.332380758	3.64	
2.337520053	3.634	
2.342648074	3.628	
2.347764895	3.622	
2.352870587	3.616	
2.357965225	3.61	
2.363048878	3.604	
2.368121618	3.598	
2.373183516	3.592	
2.378234639	3.586	
2.383275058	3.58	
2.388304838	3.574	
2.393324048	3.568	
2.398332754	3.562	
2.403331022	3.556	
2.408318916	3.55	
2.413296501	3.544	
2.41826384	3.538	
2.423220997	3.532	
2.428168034	3.526	
2.433105012	3.52	
2.438031993	3.514	
2.442949038	3.508	
2.447856205	3.502	
2.452753555	3.496	
2.457641145	3.49	
2.462519035	3.484	
2.467387282	3.478	
2.472245942	3.472	
2.477095073	3.466	
2.481934729	3.46	
2.486764967	3.454	
2.49158584	3.448	
2.496397404	3.442	
2.501199712	3.436	
2.505992817	3.43	
2.510776772	3.424	
2.515551629	3.418	
2.52031744	3.412	
2.525074256	3.406	
2.529822128	3.4	
2.534561106	3.394	
2.53929124	3.388	
2.544012579	3.382	
2.548725172	3.376	
2.553429067	3.37	
2.558124313	3.364	
2.562810957	3.358	
2.567489046	3.352	
2.572158627	3.346	
2.576819745	3.34	
2.581472448	3.334	
2.58611678	3.328	
2.590752786	3.322	
2.595380512	3.316	
2.6	3.31	
2.604611295	3.304	
2.609214441	3.298	
2.61380948	3.292	
2.618396456	3.286	
2.62297541	3.28	
2.627546384	3.274	
2.63210942	3.268	
2.63666456	3.262	
2.641211843	3.256	
2.645751311	3.25	
2.650283004	3.244	
2.654806961	3.238	
2.659323222	3.232	
2.663831827	3.226	
2.668332813	3.22	
2.67282622	3.214	
2.677312085	3.208	
2.681790447	3.202	
2.686261342	3.196	
2.690724809	3.19	
2.695180884	3.184	
2.699629604	3.178	
2.704071005	3.172	
2.708505123	3.166	
2.712931993	3.16	
2.717351652	3.154	
2.721764134	3.148	
2.726169474	3.142	
2.730567707	3.136	
2.734958866	3.13	
2.739342987	3.124	
2.743720102	3.118	
2.748090246	3.112	
2.752453451	3.106	
2.75680975	3.1	
2.761159177	3.094	
2.765501763	3.088	
2.76983754	3.082	
2.774166542	3.076	
2.778488798	3.07	
2.782804341	3.064	
2.787113202	3.058	
2.791415412	3.052	
2.795711001	3.046	
2.8	3.04	
2.804282439	3.034	
2.808558349	3.028	
2.812827759	3.022	
2.817090698	3.016	
2.821347196	3.01	
2.825597282	3.004	
2.829840985	2.998	
2.834078333	2.992	
2.838309356	2.986	
2.842534081	2.98	
2.846752536	2.974	
2.850964749	2.968	
2.855170748	2.962	
2.85937056	2.956	
2.863564213	2.95	
2.867751733	2.944	
2.871933147	2.938	
2.876108482	2.932	
2.880277764	2.926	
2.88444102	2.92	
2.888598276	2.914	
2.892749557	2.908	
2.896894889	2.902	
2.901034298	2.896	
2.905167809	2.89	
2.909295447	2.884	
2.913417238	2.878	
2.917533205	2.872	
2.921643373	2.866	
2.925747768	2.86	
2.929846412	2.854	
2.933939331	2.848	
2.938026549	2.842	
2.942108088	2.836	
2.946183973	2.83	
2.950254226	2.824	
2.954318872	2.818	
2.958377934	2.812	
2.962431434	2.806	
2.966479395	2.8	
2.97052184	2.794	
2.974558791	2.788	
2.978590271	2.782	
2.982616301	2.776	
2.986636905	2.77	
2.990652103	2.764	
2.994661917	2.758	
2.99866637	2.752	
3.002665483	2.746	
3.006659276	2.74	
3.010647771	2.734	
3.014630989	2.728	
3.018608951	2.722	
3.022581678	2.716	
3.02654919	2.71	
3.030511508	2.704	
3.034468652	2.698	
3.038420642	2.692	
3.042367499	2.686	
3.046309242	2.68	
3.050245892	2.674	
3.054177467	2.668	
3.058103988	2.662	
3.062025473	2.656	
3.065941943	2.65	
3.069853417	2.644	
3.073759913	2.638	
3.07766145	2.632	
3.081558047	2.626	
3.085449724	2.62	
3.089336498	2.614	
3.093218389	2.608	
3.097095413	2.602	
3.100967591	2.596	
3.104834939	2.59	
3.108697476	2.584	
3.11255522	2.578	
3.116408189	2.572	
3.1202564	2.566	
3.12409987	2.56	
3.127938618	2.554	
3.131772661	2.548	
3.135602016	2.542	
3.139426699	2.536	
3.143246729	2.53	
3.147062122	2.524	
3.150872895	2.518	
3.154679065	2.512	
3.158480647	2.506	
3.16227766	2.5	
3.166070119	2.494	
3.169858041	2.488	
3.173641442	2.482	
3.177420337	2.476	
3.181194744	2.47	
3.184964678	2.464	
3.188730155	2.458	
3.19249119	2.452	
3.1962478	2.446	
3.2	2.44	
3.203747805	2.434	
3.207491231	2.428	
3.211230294	2.422	
3.214965008	2.416	
3.218695388	2.41	
3.22242145	2.404	
3.226143208	2.398	
3.229860678	2.392	
3.233573874	2.386	
3.237282811	2.38	
3.240987504	2.374	
3.244687967	2.368	
3.248384214	2.362	
3.25207626	2.356	
3.255764119	2.35	
3.259447806	2.344	
3.263127334	2.338	
3.266802718	2.332	
3.270473972	2.326	
3.274141109	2.32	
3.277804143	2.314	
3.281463088	2.308	
3.285117958	2.302	
3.288768767	2.296	
3.292415527	2.29	
3.296058252	2.284	
3.299696956	2.278	
3.303331652	2.272	
3.306962352	2.266	
3.310589071	2.26	
3.314211822	2.254	
3.317830617	2.248	
3.321445468	2.242	
3.32505639	2.236	
3.328663395	2.23	
3.332266496	2.224	
3.335865705	2.218	
3.339461034	2.212	
3.343052497	2.206	
3.346640106	2.2	
3.350223873	2.194	
3.353803811	2.188	
3.357379931	2.182	
3.360952246	2.176	
3.364520768	2.17	
3.36808551	2.164	
3.371646482	2.158	
3.375203698	2.152	
3.378757168	2.146	
3.382306905	2.14	
3.385852921	2.134	
3.389395226	2.128	
3.392933834	2.122	
3.396468754	2.116	
3.4	2.11	
3.403527582	2.104	
3.407051511	2.098	
3.4105718	2.092	
3.414088458	2.086	
3.417601498	2.08	
3.421110931	2.074	
3.424616767	2.068	
3.428119018	2.062	
3.431617694	2.056	
3.435112807	2.05	
3.438604368	2.044	
3.442092387	2.038	
3.445576875	2.032	
3.449057842	2.026	
3.4525353	2.02	
3.456009259	2.014	
3.45947973	2.008	
3.462946722	2.002	
3.466410247	1.996	
3.469870315	1.99	
3.473326935	1.984	
3.47678012	1.978	
3.480229877	1.972	
3.483676219	1.966	
3.487119155	1.96	
3.490558695	1.954	
3.493994848	1.948	
3.497427626	1.942	
3.500857038	1.936	
3.504283094	1.93	
3.507705803	1.924	
3.511125176	1.918	
3.514541222	1.912	
3.517953951	1.906	
3.521363372	1.9	
3.524769496	1.894	
3.528172331	1.888	
3.531571888	1.882	
3.534968175	1.876	
3.538361203	1.87	
3.541750979	1.864	
3.545137515	1.858	
3.548520819	1.852	
3.5519009	1.846	
3.555277767	1.84	
3.55865143	1.834	
3.562021898	1.828	
3.565389179	1.822	
3.568753284	1.816	
3.57211422	1.81	
3.575471997	1.804	
3.578826623	1.798	
3.582178108	1.792	
3.585526461	1.786	
3.588871689	1.78	
3.592213802	1.774	
3.595552809	1.768	
3.598888717	1.762	
3.602221537	1.756	
3.605551275	1.75	
3.608877942	1.744	
3.612201545	1.738	
3.615522092	1.732	
3.618839593	1.726	
3.622154055	1.72	
3.625465487	1.714	
3.628773898	1.708	
3.632079294	1.702	
3.635381686	1.696	
3.63868108	1.69	
3.641977485	1.684	
3.645270909	1.678	
3.64856136	1.672	
3.651848847	1.666	
3.655133376	1.66	
3.658414957	1.654	
3.661693597	1.648	
3.664969304	1.642	
3.668242086	1.636	
3.67151195	1.63	
3.674778905	1.624	
3.678042958	1.618	
3.681304117	1.612	
3.684562389	1.606	
3.687817783	1.6	
3.691070305	1.594	
3.694319964	1.588	
3.697566767	1.582	
3.700810722	1.576	
3.704051835	1.57	
3.707290115	1.564	
3.710525569	1.558	
3.713758204	1.552	
3.716988028	1.546	
3.720215048	1.54	
3.72343927	1.534	
3.726660704	1.528	
3.729879355	1.522	
3.733095231	1.516	
3.736308338	1.51	
3.739518686	1.504	
3.742726279	1.498	
3.745931126	1.492	
3.749133233	1.486	
3.752332608	1.48	
3.755529257	1.474	
3.758723187	1.468	
3.761914406	1.462	
3.76510292	1.456	
3.768288736	1.45	
3.771471861	1.444	
3.774652302	1.438	
3.777830065	1.432	
3.781005157	1.426	
3.784177586	1.42	
3.787347357	1.414	
3.790514477	1.408	
3.793678953	1.402	
3.796840792	1.396	
3.8	1.39	
3.803156584	1.384	
3.80631055	1.378	
3.809461904	1.372	
3.812610654	1.366	
3.815756806	1.36	
3.818900365	1.354	
3.822041339	1.348	
3.825179734	1.342	
3.828315556	1.336	
3.831448812	1.33	
3.834579508	1.324	
3.837707649	1.318	
3.840833243	1.312	
3.843956295	1.306	
3.847076812	1.3	
3.8501948	1.294	
3.853310265	1.288	
3.856423213	1.282	
3.859533651	1.276	
3.862641583	1.27	
3.865747017	1.264	
3.868849958	1.258	
3.871950413	1.252	
3.875048387	1.246	
3.878143886	1.24	
3.881236916	1.234	
3.884327484	1.228	
3.887415594	1.222	
3.890501253	1.216	
3.893584467	1.21	
3.896665241	1.204	
3.899743581	1.198	
3.902819494	1.192	
3.905892984	1.186	
3.908964057	1.18	
3.91203272	1.174	
3.915098977	1.168	
3.918162835	1.162	
3.921224299	1.156	
3.924283374	1.15	
3.927340067	1.144	
3.930394382	1.138	
3.933446326	1.132	
3.936495904	1.126	
3.939543121	1.12	
3.942587983	1.114	
3.945630495	1.108	
3.948670662	1.102	
3.951708491	1.096	
3.954743987	1.09	
3.957777154	1.084	
3.960807998	1.078	
3.963836525	1.072	
3.96686274	1.066	
3.969886648	1.06	
3.972908255	1.054	
3.975927565	1.048	
3.978944584	1.042	
3.981959317	1.036	
3.984971769	1.03	
3.987981946	1.024	
3.990989852	1.018	
3.993995493	1.012	
3.996998874	1.006	
