   7.7340000000000004e-04   1.3770000000000000e+00
   1.0009999999999999e+00   4.0280000000000003e-03
   3.8100000000000001e-01   3.8469999999999999e-01
   6.2400000000000000e-01   2.1149999999999999e-01
   1.8840000000000001e-01   5.6699999999999995e-01
   4.9280000000000002e-01   2.9940000000000000e-01
   9.8430000000000004e-02   6.8750000000000000e-01
   2.8079999999999999e-01   4.7080000000000000e-01
   7.8420000000000001e-01   1.1600000000000001e-01
   8.8049999999999995e-01   6.2590000000000007e-02
   5.1970000000000002e-02   7.7420000000000000e-01
   4.3519999999999998e-01   3.4170000000000000e-01
   5.5559999999999998e-01   2.5629999999999997e-01
   2.3430000000000001e-01   5.1729999999999998e-01
   3.2950000000000002e-01   4.2690000000000000e-01
   6.9960000000000000e-01   1.6550000000000001e-01
   1.4360000000000001e-01   6.2209999999999999e-01
   1.2100000000000000e-01   6.5329999999999999e-01
   5.2320000000000000e-01   2.7779999999999999e-01
   7.4219999999999997e-01   1.4140000000000000e-01
   2.5750000000000001e-01   4.9440000000000001e-01
   4.0780000000000000e-01   3.6340000000000000e-01
   3.5460000000000003e-01   4.0610000000000002e-01
   8.3099999999999996e-01   8.9670000000000000e-02
   4.6329999999999999e-01   3.2040000000000002e-01
   9.3689999999999996e-01   3.4119999999999998e-02
   2.1110000000000001e-01   5.4149999999999998e-01
   2.7629999999999998e-02   8.3709999999999996e-01
   3.0470000000000003e-01   4.4879999999999998e-01
   7.5289999999999996e-02   7.2689999999999999e-01
   5.8850000000000002e-01   2.3410000000000000e-01
   6.6000000000000003e-01   1.8859999999999999e-01
   1.6589999999999999e-01   5.9440000000000004e-01
   6.7940000000000000e-01   1.7730000000000001e-01
   9.0830000000000000e-01   4.8360000000000000e-02
   3.9989999999999998e-02   8.0210000000000004e-01
   2.4579999999999999e-01   5.0590000000000002e-01
   1.0970000000000001e-01   6.6979999999999995e-01
   8.7010000000000004e-02   7.0689999999999997e-01
   5.0810000000000000e-01   2.8849999999999998e-01
   3.4200000000000003e-01   4.1639999999999999e-01
   4.7760000000000002e-01   3.0959999999999999e-01
   2.9299999999999998e-01   4.5970000000000000e-01
   2.2259999999999999e-01   5.2939999999999998e-01
   1.3210000000000000e-01   6.3810000000000000e-01
   6.0609999999999997e-01   2.2300000000000000e-01
   4.4890000000000002e-01   3.3090000000000003e-01
   8.5680000000000001e-01   7.5660000000000005e-02
   4.2090000000000000e-01   3.5249999999999998e-01
   1.9930000000000000e-01   5.5449999999999999e-01
   3.6840000000000001e-01   3.9450000000000002e-01
   2.6919999999999999e-01   4.8280000000000001e-01
   1.4640000000000000e-02   8.8270000000000004e-01
   5.3930000000000000e-01   2.6710000000000000e-01
   6.3850000000000004e-02   7.4870000000000003e-01
   3.9389999999999997e-01   3.7359999999999999e-01
   5.7150000000000001e-01   2.4520000000000000e-01
   9.6679999999999999e-01   1.8310000000000000e-02
   1.7690000000000000e-01   5.8040000000000003e-01
   8.0679999999999996e-01   1.0280000000000000e-01
   7.6349999999999996e-01   1.2839999999999999e-01
   3.1740000000000002e-01   4.3800000000000000e-01
   7.2050000000000003e-01   1.5350000000000000e-01
   6.4249999999999996e-01   2.0030000000000001e-01
   1.5479999999999999e-01   6.0809999999999997e-01
   7.0950000000000002e-01   1.5939999999999999e-01
   8.1119999999999998e-02   7.1640000000000004e-01
   5.9719999999999995e-01   2.2850000000000001e-01
   4.0110000000000001e-01   3.6870000000000003e-01
   4.2859999999999998e-01   3.4689999999999999e-01
   6.7059999999999997e-01   1.8300000000000000e-01
   1.8290000000000001e-01   5.7350000000000001e-01
   5.3139999999999998e-01   2.7250000000000002e-01
   2.7500000000000002e-01   4.7680000000000000e-01
   3.7430000000000002e-01   3.8960000000000000e-01
   1.2620000000000001e-01   6.4629999999999999e-01
   1.0400000000000000e-01   6.7859999999999998e-01
   6.8999999999999995e-01   1.7100000000000001e-01
   5.0049999999999994e-01   2.9380000000000001e-01
   8.9490000000000003e-01   5.5410000000000001e-02
   5.1570000000000005e-01   2.8320000000000001e-01
   2.5140000000000001e-01   5.0019999999999998e-01
   3.4870000000000001e-01   4.1060000000000002e-01
   4.7080000000000000e-01   3.1509999999999999e-01
   3.3579999999999999e-01   4.2149999999999999e-01
   4.8509999999999998e-01   3.0440000000000000e-01
   1.3789999999999999e-01   6.3000000000000000e-01
   4.6080000000000003e-02   7.8720000000000001e-01
   2.9899999999999999e-01   4.5440000000000003e-01
   4.5610000000000001e-01   3.2560000000000000e-01
   2.0549999999999999e-01   5.4800000000000004e-01
   6.1539999999999995e-01   2.1759999999999999e-01
   9.2159999999999997e-01   4.1110000000000001e-02
   3.3860000000000001e-02   8.1889999999999996e-01
   7.7390000000000003e-01   1.2239999999999999e-01
   2.2839999999999999e-01   5.2320000000000000e-01
   3.6149999999999999e-01   4.0060000000000001e-01
   5.4759999999999998e-01   2.6140000000000002e-01
   2.4010000000000001e-01   5.1160000000000005e-01
   4.1449999999999998e-01   3.5799999999999998e-01
   5.7520000000000002e-02   7.6200000000000001e-01
   1.1550000000000001e-01   6.6159999999999997e-01
   4.4180000000000003e-01   3.3620000000000000e-01
   9.2710000000000001e-02   6.9679999999999997e-01
   5.6359999999999999e-01   2.5059999999999999e-01
   7.5119999999999998e-01   1.3469999999999999e-01
   2.1260000000000001e-02   8.5670000000000002e-01
   3.8740000000000002e-01   3.7909999999999999e-01
   5.8009999999999995e-01   2.3940000000000000e-01
   6.5090000000000003e-01   1.9460000000000000e-01
   3.2350000000000001e-01   4.3209999999999998e-01
   1.7140000000000000e-01   5.8750000000000002e-01
   2.6290000000000002e-01   4.8849999999999999e-01
   3.1090000000000001e-01   4.4340000000000002e-01
   2.1679999999999999e-01   5.3530000000000000e-01
   8.1799999999999995e-01   9.6360000000000001e-02
   1.4910000000000001e-01   6.1519999999999997e-01
   7.3129999999999995e-01   1.4749999999999999e-01
   6.9730000000000000e-02   7.3729999999999996e-01
   7.9530000000000001e-01   1.0940000000000000e-01
   9.5069999999999999e-01   2.6810000000000000e-02
   1.9409999999999999e-01   5.6050000000000000e-01
   8.6950000000000005e-01   6.9489999999999996e-02
   1.5989999999999999e-01   6.0119999999999996e-01
   6.3249999999999995e-01   2.0630000000000001e-01
   7.3780000000000000e-03   9.2010000000000003e-01
   8.4309999999999996e-01   8.2519999999999996e-02
   2.8660000000000002e-01   4.6539999999999998e-01
   9.8160000000000003e-01   1.1590000000000000e-02
   2.8389999999999999e-01   4.6810000000000002e-01
   8.3699999999999997e-01   8.6069999999999994e-02
   1.1260000000000001e-01   6.6569999999999996e-01
   1.2370000000000000e-01   6.4929999999999999e-01
   8.4140000000000006e-02   7.1150000000000002e-01
   9.5860000000000001e-01   2.2700000000000001e-02
   7.7800000000000002e-01   1.1920000000000000e-01
   9.7430000000000005e-01   1.5410000000000000e-02
   2.1959999999999999e-01   5.3230000000000000e-01
   6.9479999999999997e-01   1.6839999999999999e-01
   1.9139999999999999e-01   5.6369999999999998e-01
   3.6850000000000001e-02   8.1030000000000002e-01
   5.3530000000000000e-01   2.6960000000000001e-01
   6.0219999999999996e-01   2.2509999999999999e-01
   2.7179999999999999e-01   4.7989999999999999e-01
   3.2629999999999998e-01   4.2949999999999999e-01
   3.7780000000000002e-01   3.8669999999999999e-01
   1.8559999999999999e-01   5.7040000000000002e-01
   4.5960000000000001e-01   3.2290000000000002e-01
   1.0690000000000000e-01   6.7410000000000003e-01
   2.2550000000000001e-01   5.2620000000000000e-01
   2.6640000000000003e-01   4.8499999999999999e-01
   6.8489999999999995e-01   1.7419999999999999e-01
   2.7800000000000002e-01   4.7399999999999998e-01
   4.1070000000000001e-01   3.6080000000000001e-01
   1.8010000000000001e-01   5.7650000000000001e-01
   5.2690000000000003e-01   2.7539999999999998e-01
   1.3530000000000000e-01   6.3339999999999996e-01
   2.0840000000000000e-01   5.4430000000000001e-01
   4.2530000000000001e-01   3.4920000000000001e-01
   5.1190000000000002e-01   2.8560000000000002e-01
   5.7589999999999997e-01   2.4220000000000000e-01
   2.4879999999999999e-01   5.0300000000000000e-01
   5.0400000000000000e-01   2.9120000000000001e-01
   1.4060000000000000e-01   6.2639999999999996e-01
   3.5149999999999998e-01   4.0820000000000001e-01
   2.9599999999999999e-01   4.5720000000000000e-01
   3.3279999999999998e-01   4.2459999999999998e-01
   4.6639999999999998e-01   3.1790000000000002e-01
   9.1410000000000002e-01   4.4710000000000000e-02
   4.7389999999999999e-01   3.1250000000000000e-01
   3.8369999999999999e-01   3.8179999999999997e-01
   5.1939999999999997e-01   2.8060000000000002e-01
   1.1339999999999999e-02   8.9929999999999999e-01
   4.4560000000000000e-01   3.3339999999999997e-01
   4.3029999999999999e-02   7.9430000000000001e-01
   4.8130000000000001e-01   3.0700000000000000e-01
   1.0120000000000000e-01   6.8300000000000005e-01
   3.7119999999999997e-01   3.9219999999999999e-01
   9.5530000000000004e-02   6.9279999999999997e-01
   4.3209999999999998e-01   3.4389999999999998e-01
   5.9299999999999997e-01   2.3110000000000000e-01
   2.4290000000000000e-01   5.0890000000000002e-01
   3.5809999999999997e-01   4.0310000000000001e-01
   3.4530000000000000e-01   4.1360000000000002e-01
   7.4709999999999999e-01   1.3819999999999999e-01
   7.0430000000000004e-01   1.6239999999999999e-01
   2.0280000000000001e-01   5.5120000000000002e-01
   3.3910000000000001e-01   4.1889999999999999e-01
   4.5229999999999998e-01   3.2810000000000000e-01
   3.1390000000000001e-01   4.4050000000000000e-01
   4.1799999999999998e-01   3.5480000000000000e-01
   4.8930000000000001e-01   3.0159999999999998e-01
   3.9090000000000003e-01   3.7669999999999998e-01
   3.6449999999999999e-01   3.9800000000000002e-01
   9.0180000000000005e-01   5.1420000000000000e-02
   6.5610000000000002e-01   1.9130000000000000e-01
   3.1979999999999997e-01   4.3540000000000001e-01
   5.8450000000000002e-01   2.3649999999999999e-01
   3.0809999999999998e-01   4.4579999999999997e-01
   1.1799999999999999e-01   6.5780000000000005e-01
   4.9669999999999997e-01   2.9640000000000000e-01
   2.3119999999999999e-01   5.2049999999999996e-01
   4.0439999999999998e-01   3.6559999999999998e-01
   8.1259999999999999e-01   9.9629999999999996e-02
   2.6040000000000002e-01   4.9130000000000001e-01
   5.5149999999999999e-01   2.5890000000000002e-01
   4.3859999999999999e-01   3.3910000000000001e-01
   6.6669999999999993e-02   7.4399999999999999e-01
   7.1599999999999997e-01   1.5579999999999999e-01
   3.0660000000000000e-02   8.2789999999999997e-01
   8.6229999999999996e-01   7.2929999999999995e-02
   5.6759999999999999e-01   2.4790000000000001e-01
   5.4349999999999998e-01   2.6419999999999999e-01
   1.6880000000000001e-01   5.9099999999999997e-01
   3.9700000000000002e-01   3.7130000000000002e-01
   8.8829999999999998e-01   5.9220000000000002e-02
   6.6459999999999997e-01   1.8609999999999999e-01
   6.1099999999999999e-01   2.2000000000000000e-01
   6.3759999999999994e-01   2.0330000000000001e-01
   7.8200000000000006e-02   7.2150000000000003e-01
   1.9700000000000001e-01   5.5730000000000002e-01
   1.5770000000000001e-01   6.0460000000000003e-01
   1.2930000000000000e-01   6.4149999999999996e-01
   6.1990000000000001e-01   2.1460000000000001e-01
   9.4430000000000003e-01   2.9800000000000000e-02
   1.7460000000000001e-01   5.8370000000000000e-01
   1.4640000000000000e-01   6.1929999999999996e-01
   1.5220000000000000e-01   6.1160000000000003e-01
   2.5490000000000002e-01   4.9759999999999999e-01
   7.2639999999999996e-02   7.3150000000000004e-01
   7.3650000000000004e-01   1.4470000000000000e-01
   8.0069999999999997e-01   1.0639999999999999e-01
   4.3750000000000004e-03   9.4460000000000000e-01
   3.0199999999999999e-01   4.5169999999999999e-01
   6.2909999999999999e-01   2.0849999999999999e-01
   6.7510000000000003e-01   1.8020000000000000e-01
   2.9010000000000002e-01   4.6210000000000001e-01
   5.4730000000000001e-02   7.6819999999999999e-01
   8.9880000000000002e-02   7.0150000000000001e-01
   5.5950000000000000e-01   2.5330000000000003e-01
   1.7720000000000000e-02   8.7070000000000003e-01
   6.0729999999999999e-02   7.5509999999999999e-01
   8.2410000000000005e-01   9.3170000000000003e-02
   1.6300000000000001e-01   5.9780000000000000e-01
   7.6680000000000004e-01   1.2559999999999999e-01
   7.2580000000000000e-01   1.5029999999999999e-01
   2.1390000000000001e-01   5.3859999999999997e-01
   8.7460000000000004e-01   6.6180000000000003e-02
   2.3630000000000001e-01   5.1529999999999998e-01
   2.4309999999999998e-02   8.4750000000000003e-01
   7.5749999999999995e-01   1.3200000000000001e-01
   7.8920000000000001e-01   1.1240000000000000e-01
   4.8980000000000003e-02   7.8010000000000002e-01
   6.4620000000000000e-01   1.9739999999999999e-01
   8.4899999999999998e-01   7.9659999999999995e-02
   9.9080000000000001e-01   7.1130000000000004e-03
   9.2889999999999995e-01   3.7289999999999997e-02
   9.6980000000000000e-01   1.6760000000000001e-02
   2.3540000000000000e-01   5.1600000000000001e-01
   9.3269999999999997e-01   3.5929999999999997e-02
   6.4859999999999995e-01   1.9610000000000000e-01
   6.6300000000000003e-01   1.8720000000000001e-01
   7.5480000000000003e-01   1.3339999999999999e-01
   1.9519999999999999e-02   8.6280000000000001e-01
   3.9579999999999999e-01   3.7240000000000001e-01
   7.9310000000000003e-01   1.1040000000000000e-01
   7.2250000000000003e-01   1.5170000000000000e-01
   6.7769999999999997e-01   1.7840000000000000e-01
   4.7260000000000003e-02   7.8480000000000005e-01
   2.5250000000000000e-01   4.9869999999999998e-01
   5.9310000000000002e-02   7.5800000000000001e-01
   1.8410000000000001e-01   5.7189999999999996e-01
   4.0239999999999998e-01   3.6730000000000002e-01
   3.0349999999999999e-01   4.5019999999999999e-01
   2.8230000000000000e-01   4.6949999999999997e-01
   7.1230000000000004e-01   1.5800000000000000e-01
   9.1230000000000006e-02   6.9899999999999995e-01
   1.7570000000000000e-01   5.8220000000000005e-01
   5.9130000000000005e-01   2.3250000000000001e-01
   7.1199999999999999e-02   7.3480000000000001e-01
   7.9850000000000004e-02   7.1870000000000001e-01
   2.1840000000000001e-01   5.3380000000000005e-01
   5.5800000000000005e-01   2.5469999999999998e-01
   6.0419999999999996e-01   2.2400000000000000e-01
   1.9270000000000001e-01   5.6230000000000002e-01
   1.2760000000000001e-02   8.9059999999999995e-01
   8.2809999999999995e-01   9.1319999999999998e-02
   1.2260000000000000e-01   6.5149999999999997e-01
   4.1610000000000001e-02   7.9830000000000001e-01
   1.2529999999999999e-01   6.4710000000000001e-01
   4.9859999999999999e-01   2.9509999999999997e-01
   4.2640000000000000e-01   3.4880000000000000e-01
   8.5720000000000005e-02   7.0920000000000005e-01
   5.5359999999999998e-01   2.5750000000000001e-01
   5.2969999999999995e-01   2.7400000000000002e-01
   3.4379999999999999e-01   4.1499999999999998e-01
   3.6330000000000001e-01   3.9920000000000000e-01
   2.2389999999999999e-01   5.2800000000000002e-01
   5.3359999999999996e-01   2.7110000000000001e-01
   3.7940000000000002e-01   3.8540000000000002e-01
   2.2720000000000001e-02   8.5160000000000002e-01
   3.2469999999999999e-01   4.3099999999999999e-01
   5.6950000000000001e-01   2.4650000000000000e-01
   4.3359999999999999e-01   3.4310000000000002e-01
   3.5339999999999999e-01   4.0689999999999998e-01
   4.4710000000000000e-01   3.3210000000000001e-01
   3.5439999999999999e-02   8.1389999999999996e-01
   3.2819999999999999e-01   4.2840000000000000e-01
   4.6100000000000002e-01   3.2160000000000000e-01
   3.7600000000000000e-01   3.8850000000000001e-01
   1.2780000000000000e-01   6.4359999999999995e-01
   2.1240000000000001e-01   5.4000000000000004e-01
   4.1649999999999998e-01   3.5699999999999998e-01
   6.9210000000000005e-01   1.6980000000000001e-01
   1.1119999999999999e-01   6.6769999999999996e-01
   4.2309999999999998e-01   3.5110000000000002e-01
   5.1780000000000004e-01   2.8170000000000001e-01
   5.3739999999999999e-01   2.6829999999999998e-01
   2.2120000000000001e-01   5.3090000000000004e-01
   4.8320000000000002e-01   3.0590000000000001e-01
   4.9049999999999999e-01   3.0020000000000002e-01
   5.0629999999999997e-01   2.8960000000000002e-01
   2.4700000000000000e-01   5.0429999999999997e-01
   7.8190000000000004e-01   1.1660000000000000e-01
   2.6490000000000002e-01   4.8670000000000002e-01
   1.1670000000000000e-01   6.5990000000000004e-01
   8.3999999999999997e-01   8.4500000000000006e-02
   5.7330000000000003e-01   2.4370000000000000e-01
   5.8640000000000003e-01   2.3549999999999999e-01
   1.0840000000000000e-01   6.7200000000000004e-01
   4.0960000000000002e-01   3.6159999999999998e-01
   3.6969999999999997e-01   3.9369999999999999e-01
   3.5649999999999998e-01   4.0460000000000002e-01
   1.3360000000000000e-01   6.3549999999999995e-01
   2.0979999999999999e-01   5.4310000000000003e-01
   3.2169999999999999e-01   4.3369999999999997e-01
   5.1329999999999998e-01   2.8449999999999998e-01
   8.1000000000000005e-01   1.0120000000000000e-01
   3.5020000000000001e-01   4.0939999999999999e-01
   2.0669999999999999e-01   5.4640000000000000e-01
   5.9989999999999999e-01   2.2689999999999999e-01
   2.3269999999999999e-01   5.1880000000000004e-01
   4.1959999999999997e-01   3.5389999999999999e-01
   5.2159999999999995e-01   2.7920000000000000e-01
   2.0419999999999999e-01   5.4969999999999997e-01
   7.4909999999999999e-01   1.3650000000000001e-01
   1.3930000000000001e-01   6.2790000000000001e-01
   4.8720000000000002e-01   3.0330000000000001e-01
   1.6730000000000000e-01   5.9270000000000000e-01
   3.8919999999999999e-01   3.7750000000000000e-01
   4.3950000000000000e-01   3.3800000000000002e-01
   1.6439999999999999e-01   5.9589999999999999e-01
   1.9530000000000000e-01   5.5910000000000004e-01
   7.4399999999999999e-01   1.3890000000000000e-01
   3.1850000000000001e-01   4.3640000000000001e-01
   3.1230000000000002e-01   4.4200000000000000e-01
   5.4110000000000003e-01   2.6579999999999998e-01
   2.9749999999999999e-01   4.5550000000000002e-01
   3.0640000000000001e-01   4.4729999999999998e-01
   3.4710000000000002e-01   4.1260000000000002e-01
   8.2780000000000006e-02   7.1360000000000001e-01
   3.8590000000000002e-01   3.7990000000000002e-01
   3.8240000000000002e-01   3.8269999999999998e-01
   4.4499999999999998e-02   7.9079999999999995e-01
   3.3439999999999998e-01   4.2299999999999999e-01
   2.7350000000000002e-01   4.7820000000000001e-01
   7.0199999999999996e-01   1.6380000000000000e-01
   4.9440000000000001e-01   2.9749999999999999e-01
   5.0970000000000004e-01   2.8739999999999999e-01
   5.7779999999999998e-01   2.4079999999999999e-01
   3.1559999999999999e-01   4.3919999999999998e-01
   2.7029999999999998e-01   4.8089999999999999e-01
   2.4399999999999999e-01   5.0729999999999997e-01
   4.5060000000000000e-01   3.2960000000000000e-01
   5.8199999999999996e-01   2.3799999999999999e-01
   4.7589999999999999e-01   3.1109999999999999e-01
   6.8679999999999997e-01   1.7269999999999999e-01
   2.0130000000000001e-01   5.5269999999999997e-01
   8.5780000000000001e-01   7.4569999999999997e-02
   7.6749999999999999e-02   7.2480000000000000e-01
   5.2590000000000003e-01   2.7639999999999998e-01
   4.5390000000000003e-01   3.2700000000000001e-01
   2.9430000000000001e-01   4.5839999999999997e-01
   4.6479999999999999e-01   3.1909999999999999e-01
   9.9860000000000004e-02   6.8540000000000001e-01
   4.1299999999999998e-01   3.5930000000000001e-01
   3.0959999999999999e-01   4.4479999999999997e-01
   4.4309999999999999e-01   3.3510000000000001e-01
   8.5229999999999995e-01   7.8100000000000003e-02
   6.0809999999999997e-01   2.2159999999999999e-01
   5.0209999999999999e-01   2.9239999999999999e-01
   1.3100000000000001e-01   6.3939999999999997e-01
   6.1190000000000003e-03   9.3159999999999998e-01
   2.6800000000000002e-01   4.8430000000000001e-01
   7.3909999999999998e-01   1.4280000000000001e-01
   3.3739999999999998e-01   4.2020000000000002e-01
   7.1760000000000002e-01   1.5500000000000000e-01
   9.2630000000000004e-03   9.0880000000000005e-01
   9.6309999999999996e-01   2.1129999999999999e-02
   4.6829999999999999e-01   3.1630000000000003e-01
   2.2930000000000000e-01   5.2200000000000002e-01
   6.3970000000000005e-01   2.0160000000000000e-01
   3.8379999999999997e-02   8.0600000000000005e-01
   7.7590000000000003e-01   1.2080000000000000e-01
   7.3419999999999996e-01   1.4630000000000001e-01
   6.5070000000000003e-02   7.4680000000000002e-01
   2.5000000000000000e-01   5.0149999999999995e-01
   3.4050000000000002e-01   4.1780000000000000e-01
   3.6609999999999998e-01   3.9620000000000000e-01
   8.1630000000000003e-01   9.8290000000000002e-02
   6.9730000000000003e-01   1.6660000000000000e-01
   1.4749999999999999e-01   6.1670000000000003e-01
   6.6749999999999998e-01   1.8429999999999999e-01
   6.3580000000000003e-01   2.0440000000000000e-01
   2.8820000000000001e-01   4.6410000000000001e-01
   4.0589999999999998e-01   3.6459999999999998e-01
   2.5900000000000001e-01   4.9280000000000002e-01
   3.9219999999999999e-01   3.7500000000000000e-01
   4.5770000000000000e-01   3.2400000000000001e-01
   1.8990000000000001e-01   5.6550000000000000e-01
   6.5359999999999996e-01   1.9300000000000000e-01
   1.9810000000000000e-01   5.5569999999999997e-01
   8.3370000000000000e-01   8.7709999999999996e-02
   2.7650000000000002e-01   4.7549999999999998e-01
   3.9910000000000001e-01   3.6990000000000001e-01
   3.3119999999999999e-01   4.2559999999999998e-01
   1.5600000000000000e-01   6.0629999999999995e-01
   1.7010000000000000e-01   5.8889999999999998e-01
   4.3659999999999999e-01   3.4050000000000002e-01
   5.6620000000000004e-01   2.4929999999999999e-01
   6.2150000000000005e-01   2.1290000000000001e-01
   3.0059999999999998e-01   4.5260000000000000e-01
   5.4949999999999999e-01   2.6029999999999998e-01
   5.6150000000000000e-01   2.5200000000000000e-01
   5.3519999999999998e-02   7.7020000000000000e-01
   6.1370000000000002e-01   2.1829999999999999e-01
   8.2160000000000000e-01   9.4579999999999997e-02
   1.5029999999999999e-01   6.1339999999999995e-01
   1.3650000000000001e-01   6.3170000000000004e-01
   2.8570000000000001e-01   4.6660000000000001e-01
   3.5970000000000002e-01   4.0139999999999998e-01
   1.7849999999999999e-01   5.7850000000000001e-01
   1.5900000000000000e-01   6.0289999999999999e-01
   2.9130000000000000e-01   4.6110000000000001e-01
   2.6160000000000000e-01   4.9030000000000001e-01
   4.3040000000000000e-01   3.4620000000000001e-01
   6.3090000000000002e-01   2.0699999999999999e-01
   6.8390000000000006e-02   7.4019999999999997e-01
   7.2960000000000003e-01   1.4770000000000000e-01
   3.7250000000000000e-01   3.9129999999999998e-01
   6.2300000000000001e-02   7.5180000000000002e-01
   1.1400000000000000e-01   6.6369999999999996e-01
   6.2609999999999999e-01   2.1060000000000001e-01
   2.1510000000000001e-01   5.3700000000000003e-01
   1.4499999999999999e-01   6.2060000000000004e-01
   2.5619999999999998e-01   4.9569999999999997e-01
   8.9790000000000003e-01   5.3949999999999998e-02
   8.0349999999999999e-01   1.0440000000000001e-01
   2.4129999999999999e-01   5.1010000000000000e-01
   9.5509999999999995e-01   2.4590000000000001e-02
   4.7230000000000000e-01   3.1359999999999999e-01
   2.3780000000000001e-01   5.1349999999999996e-01
   7.9769999999999996e-01   1.0760000000000000e-01
   1.8149999999999999e-01   5.7530000000000003e-01
   3.2309999999999998e-02   8.2220000000000004e-01
   9.7719999999999996e-01   1.3270000000000001e-02
   1.8700000000000000e-01   5.6879999999999997e-01
   1.1930000000000000e-01   6.5580000000000005e-01
   6.7220000000000002e-01   1.8140000000000001e-01
   8.8410000000000000e-01   6.1030000000000001e-02
   5.9509999999999996e-01   2.2939999999999999e-01
   7.6539999999999997e-01   1.2720000000000001e-01
   9.1030000000000000e-01   4.6719999999999998e-02
   1.6170000000000001e-01   5.9950000000000003e-01
   1.5329999999999999e-01   6.0960000000000003e-01
   6.4459999999999995e-01   1.9869999999999999e-01
   5.4549999999999998e-01   2.6279999999999998e-01
   9.0449999999999997e-01   5.0020000000000002e-02
   4.7960000000000003e-01   3.0850000000000000e-01
   6.1750000000000005e-01   2.1579999999999999e-01
   7.0720000000000005e-01   1.6089999999999999e-01
   8.9170000000000005e-01   5.7349999999999998e-02
   9.9670000000000003e-01   5.8409999999999998e-03
   5.6509999999999998e-02   7.6390000000000002e-01
   1.4199999999999999e-01   6.2460000000000004e-01
   6.5880000000000005e-01   1.9000000000000000e-01
   8.8330000000000006e-02   7.0440000000000003e-01
   7.6970000000000005e-01   1.2390000000000000e-01
   2.2700000000000001e-01   5.2480000000000004e-01
   5.0110000000000002e-02   7.7780000000000005e-01
   2.7939999999999998e-01   4.7199999999999998e-01
   1.0230000000000000e-01   6.8140000000000001e-01
   1.7310000000000000e-01   5.8570000000000000e-01
   2.5999999999999999e-02   8.4199999999999997e-01
   7.8620000000000001e-01   1.1400000000000000e-01
   8.6519999999999997e-01   7.1279999999999996e-02
   9.4920000000000004e-01   2.8240000000000001e-02
   7.3920000000000000e-02   7.2909999999999997e-01
   2.2799999999999999e-03   9.6630000000000005e-01
   7.6049999999999995e-01   1.2980000000000000e-01
   9.4159999999999994e-02   6.9450000000000001e-01
   8.4630000000000005e-01   8.1040000000000001e-02
   9.1779999999999995e-01   4.2970000000000001e-02
   8.7200000000000000e-01   6.7650000000000002e-02
   2.8979999999999999e-02   8.3189999999999997e-01
   9.4110000000000005e-01   3.2059999999999998e-02
   1.6310000000000002e-02   8.7519999999999998e-01
   9.2600000000000005e-01   3.9500000000000000e-02
   8.7809999999999999e-01   6.4110000000000000e-02
   9.6970000000000001e-02   6.8989999999999996e-01
   6.8230000000000002e-01   1.7570000000000000e-01
   9.8699999999999999e-01   9.7240000000000000e-03
   1.0539999999999999e-01   6.7630000000000001e-01
   9.3420000000000003e-01   3.5099999999999999e-02
   8.7739999999999996e-01   6.4990000000000006e-02
   7.0830000000000004e-01   1.6020000000000001e-01
   2.8299999999999999e-02   8.3430000000000004e-01
   7.9649999999999999e-01   1.0860000000000000e-01
   8.4119999999999995e-01   8.4110000000000004e-02
   9.5750000000000002e-01   2.4010000000000000e-02
   9.0559999999999996e-01   4.9180000000000001e-02
   2.8620000000000001e-01   4.6620000000000000e-01
   1.0630000000000001e-01   6.7540000000000000e-01
   8.6709999999999998e-01   7.0550000000000002e-02
   4.7820000000000001e-02   7.8300000000000003e-01
   1.1340000000000000e-01   6.6469999999999996e-01
   5.2839999999999998e-02   7.7159999999999995e-01
   6.1609999999999998e-01   2.1670000000000000e-01
   7.7120000000000000e-01   1.2290000000000000e-01
   9.4860000000000000e-02   6.9330000000000003e-01
   6.8320000000000003e-01   1.7490000000000000e-01
   9.7940000000000005e-01   1.2630000000000001e-02
   2.3480000000000001e-01   5.1690000000000003e-01
   2.2620000000000001e-01   5.2539999999999998e-01
   2.7970000000000000e-01   4.7199999999999998e-01
   4.7099999999999997e-01   3.1459999999999999e-01
   8.0769999999999997e-01   1.0210000000000000e-01
   2.3609999999999999e-02   8.4870000000000001e-01
   1.8210000000000001e-01   5.7440000000000002e-01
   8.5089999999999999e-01   7.8539999999999999e-02
   6.9599999999999995e-01   1.6719999999999999e-01
   7.1989999999999998e-02   7.3309999999999997e-01
   9.2100000000000004e-01   4.2320000000000003e-02
   4.7860000000000003e-01   3.0909999999999999e-01
   3.2419999999999999e-01   4.3159999999999998e-01
   9.7170000000000001e-01   1.6410000000000001e-02
   6.4749999999999996e-01   1.9680000000000000e-01
   6.5969999999999995e-01   1.8880000000000000e-01
   2.8330000000000000e-01   4.6920000000000001e-01
   2.4190000000000000e-01   5.0960000000000005e-01
   7.9070000000000001e-02   7.1980000000000000e-01
   3.4680000000000002e-02   8.1799999999999995e-01
   1.7790000000000000e-01   5.7930000000000004e-01
   1.8620000000000000e-01   5.6960000000000000e-01
   4.2909999999999998e-01   3.4680000000000000e-01
   4.6910000000000002e-01   3.1590000000000001e-01
   3.3850000000000002e-01   4.1940000000000000e-01
   7.5590000000000002e-01   1.3289999999999999e-01
   3.0399999999999999e-01   4.4979999999999998e-01
   4.5879999999999999e-01   3.2369999999999999e-01
   7.8190000000000004e-01   1.1660000000000000e-01
   9.1939999999999994e-02   6.9799999999999995e-01
   6.6130000000000000e-01   1.8809999999999999e-01
   2.6840000000000003e-01   4.8290000000000000e-01
   2.7700000000000002e-01   4.7480000000000000e-01
   9.1349999999999998e-01   4.5330000000000002e-02
   3.3029999999999998e-01   4.2599999999999999e-01
   1.4820000000000000e-01   6.1609999999999998e-01
   2.5829999999999997e-01   4.9330000000000002e-01
   2.7389999999999998e-01   4.7749999999999998e-01
   5.3259999999999996e-01   2.7189999999999998e-01
   1.5129999999999999e-01   6.1240000000000006e-01
   3.3520000000000000e-01   4.2220000000000002e-01
   9.6109999999999995e-01   2.2120000000000001e-02
   6.7840000000000000e-01   1.7760000000000001e-01
   2.3139999999999999e-01   5.2020000000000000e-01
   9.4950000000000001e-01   2.7799999999999998e-02
   1.2460000000000000e-01   6.4829999999999999e-01
   4.8390000000000000e-01   3.0540000000000000e-01
   3.6559999999999998e-01   3.9710000000000001e-01
   1.2720000000000001e-01   6.4470000000000005e-01
   5.3849999999999998e-01   2.6750000000000002e-01
   8.7350000000000005e-01   6.6869999999999999e-02
   8.9970000000000006e-01   5.3060000000000003e-02
   3.8679999999999998e-01   3.7969999999999998e-01
   7.0279999999999995e-02   7.3629999999999995e-01
   3.9479999999999998e-01   3.7309999999999999e-01
   2.5390000000000001e-01   4.9800000000000000e-01
   1.5550000000000000e-02   8.7829999999999997e-01
   1.0199999999999999e-01   6.8189999999999995e-01
   4.4309999999999999e-01   3.3510000000000001e-01
   6.2790000000000001e-01   2.0949999999999999e-01
   4.9759999999999999e-01   2.9590000000000000e-01
   1.1970000000000000e-02   8.9380000000000004e-01
   8.5649999999999997e-03   9.1249999999999998e-01
   4.0529999999999999e-01   3.6499999999999999e-01
   4.0310000000000001e-01   3.6690000000000000e-01
   6.0529999999999995e-01   2.2370000000000001e-01
   1.4580000000000001e-01   6.1970000000000003e-01
   3.7969999999999998e-01   3.8510000000000000e-01
