   7.3379999999999995e-04   1.1020000000000001e-01   1.0429999999999999e+00
   9.4010000000000005e-01   2.1289999999999998e-03   4.7960000000000003e-01
   2.3650000000000001e-02   1.1659999999999999e+00   1.3480000000000000e-03
   5.8289999999999997e-01   5.9680000000000000e-01   5.9819999999999995e-01
   1.0089999999999999e+00   1.3509999999999999e-02   7.1850000000000004e-03
   5.2360000000000002e-03   1.0900000000000000e-02   1.0669999999999999e+00
   9.4149999999999998e-03   8.6429999999999996e-03   1.0710000000000000e+00
   3.3960000000000001e-03   1.1060000000000001e+00   2.9960000000000000e-03
   4.1729999999999996e-03   1.0830000000000000e+00   4.0540000000000003e-03
   1.0309999999999999e+00   8.5150000000000000e-03   1.2680000000000000e-02
   7.1060000000000001e-01   7.1350000000000002e-01   5.6899999999999999e-02
   7.9079999999999998e-02   7.5209999999999999e-01   7.7969999999999995e-01
   2.3990000000000000e-01   4.5690000000000001e-02   9.7180000000000000e-01
   2.3660000000000000e-01   9.5289999999999997e-01   2.4149999999999999e-01
   2.5929999999999997e-01   7.1230000000000004e-01   7.2450000000000003e-01
   7.0909999999999995e-01   5.0470000000000001e-02   7.1020000000000005e-01
   9.5169999999999999e-01   2.4030000000000001e-01   2.3940000000000000e-01
   6.8789999999999996e-01   6.9630000000000003e-01   2.5629999999999997e-01
   7.0209999999999995e-01   1.0130000000000000e-01   7.1370000000000000e-01
   1.0309999999999999e+00   1.7960000000000000e-02   6.6150000000000002e-03
   1.2670000000000001e-01   8.9729999999999999e-01   4.6550000000000002e-01
   3.3960000000000001e-03   1.1060000000000001e+00   2.9960000000000000e-03
   1.0380000000000000e+00   7.2630000000000004e-03   1.2610000000000000e-02
   1.0160000000000000e+00   5.5240000000000003e-03   2.6320000000000000e-02
   4.4460000000000000e-01   3.4250000000000003e-01   8.9590000000000003e-01
   7.8639999999999999e-01   3.6820000000000003e-01   5.2420000000000000e-01
   3.1300000000000000e-01   9.4020000000000004e-01   1.6630000000000000e-01
   3.1160000000000000e-02   1.0300000000000000e+00   5.0990000000000002e-03
   1.0340000000000000e+00   7.0169999999999998e-03   1.9529999999999999e-02
   4.4619999999999999e-01   6.6239999999999993e-02   8.9649999999999996e-01
   4.5100000000000001e-03   1.1259999999999999e+00   2.4979999999999998e-03
   9.3730000000000002e-01   3.0759999999999998e-01   1.9409999999999999e-01
   3.9319999999999999e-01   7.9179999999999995e-01   5.2610000000000001e-01
   7.8029999999999999e-01   5.2229999999999999e-01   3.9300000000000002e-01
   5.4990000000000006e-01   3.1909999999999999e-01   8.3560000000000001e-01
   3.1730000000000003e-01   6.0470000000000003e-02   9.4910000000000005e-01
   9.4149999999999998e-03   8.6429999999999996e-03   1.0710000000000000e+00
   5.4079999999999996e-03   1.0329999999999999e+00   1.7829999999999999e-02
   1.4189999999999999e-02   6.9340000000000001e-03   1.0609999999999999e+00
   5.2360000000000002e-03   1.0900000000000000e-02   1.0669999999999999e+00
   1.6230000000000000e-01   5.9549999999999999e-02   9.8799999999999999e-01
   5.2749999999999997e-01   7.8420000000000001e-01   3.6809999999999998e-01
   8.8959999999999995e-01   1.5320000000000000e-01   4.5860000000000001e-01
   1.8490000000000001e-01   9.3859999999999999e-01   3.2350000000000001e-01
   4.4919999999999999e-01   8.9080000000000004e-01   1.4119999999999999e-01
   1.9919999999999999e-01   1.6120000000000001e-01   9.8129999999999995e-01
   1.0420000000000000e+00   1.1240000000000000e-02   7.3949999999999997e-03
   8.9229999999999998e-01   4.5040000000000002e-01   1.4840000000000000e-01
   6.8609999999999999e-03   1.1060000000000001e+00   8.0230000000000006e-03
   9.4079999999999997e-01   1.8129999999999999e-01   3.1290000000000001e-01
   4.3720000000000000e-03   1.2090000000000000e-02   1.0669999999999999e+00
   1.0309999999999999e+00   1.7960000000000000e-02   6.6150000000000002e-03
   5.4079999999999996e-03   1.0329999999999999e+00   1.7829999999999999e-02
   3.1960000000000002e-02   4.0509999999999999e-03   1.0560000000000000e+00
   3.8539999999999998e-03   2.6929999999999999e-02   1.0549999999999999e+00
   9.2530000000000001e-02   9.9570000000000003e-01   6.3049999999999995e-02
   1.4110000000000000e-01   9.9090000000000000e-01   5.0590000000000003e-02
   6.5100000000000002e-01   4.7810000000000002e-01   6.5569999999999995e-01
   7.8900000000000003e-01   6.2670000000000003e-01   2.0979999999999999e-02
   8.6299999999999999e-01   2.0260000000000000e-01   4.9020000000000002e-01
   9.9539999999999995e-01   1.0510000000000000e-01   2.7269999999999999e-02
   9.7289999999999999e-01   3.9510000000000003e-02   2.4299999999999999e-01
   4.1139999999999999e-01   2.8100000000000003e-01   9.1279999999999994e-01
   5.3100000000000003e-01   5.3330000000000000e-01   7.4800000000000000e-01
   9.8980000000000001e-01   3.5839999999999997e-02   1.4990000000000001e-01
   6.4189999999999997e-02   5.4089999999999999e-02   9.9839999999999995e-01
   2.4560000000000001e-01   9.7399999999999998e-01   3.0779999999999998e-02
   2.3039999999999999e-01   3.8330000000000003e-02   9.7609999999999997e-01
   1.0620000000000000e-01   9.7350000000000003e-01   2.5669999999999998e-01
   8.1889999999999996e-01   5.1929999999999998e-01   2.7650000000000002e-01
   1.5429999999999999e-01   7.4619999999999997e-01   7.3619999999999997e-01
   1.7910000000000001e-01   9.7950000000000004e-01   1.2740000000000001e-01
   1.4380000000000001e-01   1.0120000000000000e-01   9.9029999999999996e-01
   3.6230000000000001e-01   9.0329999999999999e-01   2.6679999999999998e-01
   4.7260000000000002e-01   6.4890000000000003e-01   6.4319999999999999e-01
   8.9820000000000000e-01   3.6240000000000000e-01   2.7939999999999998e-01
   5.4190000000000002e-02   9.9109999999999998e-01   1.5160000000000001e-01
   2.9749999999999999e-01   8.2460000000000000e-01   5.2739999999999998e-01
   5.1470000000000005e-01   8.2410000000000005e-01   2.8230000000000000e-01
   8.5460000000000003e-01   5.0249999999999995e-01   2.0740000000000000e-01
   7.5550000000000006e-02   7.4899999999999994e-02   9.9760000000000004e-01
   3.7019999999999997e-01   1.8210000000000001e-01   9.3010000000000004e-01
   5.2820000000000000e-01   1.2030000000000000e-01   8.5040000000000004e-01
   7.2189999999999999e-01   4.9440000000000001e-01   5.1590000000000003e-01
   5.1280000000000003e-01   7.1750000000000003e-01   4.9399999999999999e-01
   9.8050000000000004e-01   1.4110000000000000e-01   1.7720000000000000e-01
   9.5430000000000001e-02   4.1730000000000003e-02   9.9639999999999995e-01
   2.3150000000000001e-01   9.7070000000000001e-01   1.1030000000000000e-01
   6.3710000000000003e-02   9.9470000000000003e-01   1.0800000000000000e-01
   3.8129999999999997e-01   9.2369999999999997e-01   9.3960000000000002e-02
   8.5909999999999997e-01   3.8140000000000002e-01   3.7109999999999999e-01
   2.2180000000000000e-01   7.3199999999999998e-01   7.3050000000000004e-01
   9.2279999999999995e-01   2.7890000000000002e-02   3.9179999999999998e-01
   1.7970000000000000e-01   6.2880000000000005e-02   9.8440000000000005e-01
   3.4849999999999998e-01   6.8179999999999996e-01   7.0130000000000003e-01
   7.0420000000000005e-01   3.7869999999999998e-01   6.7400000000000004e-01
   1.5020000000000000e-01   5.1459999999999999e-02   9.9019999999999997e-01
   3.7809999999999999e-01   8.5270000000000001e-01   3.8069999999999998e-01
   4.9619999999999997e-01   1.6339999999999999e-01   8.7009999999999998e-01
   7.0820000000000005e-01   4.1669999999999999e-02   7.1230000000000004e-01
   2.4729999999999999e-01   7.2380000000000000e-02   9.6999999999999997e-01
   3.3550000000000002e-01   2.5969999999999999e-01   9.4269999999999998e-01
   2.9210000000000003e-01   3.1619999999999998e-01   9.5679999999999998e-01
   1.9710000000000000e-01   8.6219999999999997e-01   5.1790000000000003e-01
   1.4590000000000000e-01   9.8019999999999996e-01   1.8079999999999999e-01
   6.6200000000000003e-01   6.7149999999999999e-01   3.6980000000000002e-01
   9.7880000000000000e-01   1.7630000000000001e-01   1.4019999999999999e-01
   7.3580000000000007e-02   9.3389999999999995e-01   3.8200000000000001e-01
   6.9560000000000000e-01   7.0189999999999997e-01   1.9750000000000001e-01
   9.7219999999999995e-01   2.3990000000000000e-01   1.0299999999999999e-01
   3.2000000000000001e-02   7.8610000000000002e-01   7.0379999999999998e-01
   2.8079999999999999e-01   9.0569999999999995e-01   3.5549999999999998e-01
   9.6999999999999997e-01   2.5559999999999999e-01   2.3709999999999998e-02
   5.3359999999999998e-02   1.0780000000000001e-01   9.9909999999999999e-01
   9.9719999999999998e-01   5.4840000000000000e-02   7.2880000000000000e-02
   8.2820000000000005e-01   2.7320000000000000e-01   5.1449999999999996e-01
   3.7650000000000000e-01   6.9690000000000002e-02   9.2769999999999997e-01
   9.0500000000000003e-01   2.7420000000000000e-01   3.5659999999999997e-01
   2.3840000000000000e-01   2.1210000000000001e-01   9.7180000000000000e-01
   4.9199999999999999e-01   8.5880000000000001e-01   1.9470000000000001e-01
   7.0209999999999995e-01   1.0130000000000000e-01   7.1370000000000000e-01
   6.7979999999999999e-02   9.9639999999999995e-01   8.1860000000000002e-02
   9.9660000000000004e-01   4.7870000000000003e-02   1.0260000000000000e-01
   6.4400000000000002e-01   6.5100000000000002e-01   4.6710000000000002e-01
   7.3329999999999995e-01   6.8689999999999996e-01   3.0460000000000001e-02
   1.1740000000000000e-01   2.1959999999999999e-01   9.9380000000000002e-01
   9.9009999999999998e-01   1.4960000000000001e-01   4.8050000000000002e-02
   9.4740000000000005e-02   1.6180000000000000e-01   9.9600000000000000e-01
   4.7870000000000003e-02   9.7380000000000000e-01   2.5090000000000001e-01
   7.3750000000000004e-01   2.3890000000000002e-02   6.8189999999999995e-01
   9.7089999999999999e-01   6.9379999999999997e-02   2.4470000000000000e-01
   6.8889999999999996e-01   7.2130000000000005e-01   1.0020000000000000e-01
   6.8969999999999998e-01   6.8339999999999998e-02   7.2619999999999996e-01
   9.1759999999999997e-01   4.0370000000000000e-01   6.1990000000000003e-02
   5.2679999999999998e-02   7.7910000000000001e-01   7.1919999999999995e-01
   4.5280000000000001e-02   6.0109999999999997e-02   9.9950000000000006e-01
   1.0510000000000000e-02   1.1940000000000000e+00   1.6290000000000000e-03
   1.0409999999999999e+00   7.2630000000000004e-03   1.2610000000000000e-02
   1.0309999999999999e+00   1.7960000000000000e-02   6.6150000000000002e-03
   9.8170000000000002e-01   2.6110000000000001e-02   1.9719999999999999e-01
   3.0680000000000000e-03   1.1630000000000000e+00   8.2950000000000003e-03
   7.6759999999999995e-01   9.6610000000000001e-02   6.4239999999999997e-01
   2.6110000000000000e-03   1.1240000000000001e+00   8.4899999999999993e-03
   9.1459999999999997e-01   3.9210000000000000e-01   1.5909999999999999e-01
   3.3960000000000001e-03   1.1060000000000001e+00   2.9960000000000000e-03
   3.8190000000000002e-01   9.1769999999999996e-01   1.5509999999999999e-01
   1.8090000000000001e-01   9.3340000000000001e-01   3.5980000000000001e-01
   2.0110000000000000e-01   8.2730000000000004e-01   5.8040000000000003e-01
   4.5100000000000001e-03   1.1259999999999999e+00   2.4979999999999998e-03
   9.7250000000000003e-01   2.2780000000000000e-01   1.2130000000000001e-01
   5.1239999999999997e-01   1.8070000000000000e-01   8.5980000000000001e-01
   9.1810000000000003e-01   1.6170000000000001e-01   3.9140000000000003e-01
   1.0329999999999999e+00   4.7670000000000004e-03   1.5240000000000000e-02
   2.5330000000000003e-01   9.5079999999999998e-01   2.1679999999999999e-01
   6.2829999999999997e-01   7.2999999999999998e-01   3.1219999999999998e-01
   6.4900000000000002e-01   4.3709999999999999e-01   7.0250000000000001e-01
   7.9090000000000005e-01   2.6229999999999998e-01   5.8089999999999997e-01
   7.4560000000000001e-02   3.5709999999999999e-02   9.9800000000000000e-01
   3.0300000000000001e-02   8.5860000000000003e-01   5.4740000000000000e-01
   3.3960000000000001e-03   1.1060000000000001e+00   2.9960000000000000e-03
   4.8159999999999997e-01   7.9190000000000005e-01   4.3859999999999999e-01
   8.4070000000000000e-01   4.6500000000000002e-01   3.1269999999999998e-01
   1.5350000000000000e-01   9.8129999999999995e-01   1.4199999999999999e-01
   4.2509999999999998e-01   9.1090000000000004e-01   4.3450000000000003e-02
   1.0420000000000000e+00   1.1240000000000000e-02   7.3949999999999997e-03
   6.0280000000000000e-01   5.4110000000000003e-01   6.3400000000000001e-01
   3.1960000000000002e-02   4.0509999999999999e-03   1.0560000000000000e+00
   3.6020000000000002e-01   2.4600000000000000e-01   9.3469999999999998e-01
   9.8160000000000003e-01   1.5730000000000000e-01   1.4530000000000001e-01
   7.2540000000000004e-01   4.4940000000000002e-01   5.6000000000000005e-01
   1.8900000000000000e-01   7.4409999999999998e-01   7.2989999999999999e-01
   2.6279999999999998e-01   2.1099999999999999e-01   9.6579999999999999e-01
   1.6489999999999999e-01   9.8809999999999998e-01   4.9630000000000001e-02
   3.3040000000000003e-01   8.7929999999999994e-02   9.4460000000000000e-01
   8.2440000000000002e-01   5.5310000000000004e-01   1.7860000000000001e-01
   1.4189999999999999e-02   6.9340000000000001e-03   1.0609999999999999e+00
   7.9090000000000005e-01   4.6379999999999999e-01   4.3230000000000002e-01
   4.2880000000000001e-01   7.9010000000000002e-01   4.8349999999999999e-01
   4.5210000000000000e-01   5.9229999999999998e-02   8.9349999999999996e-01
   3.4250000000000003e-01   6.7689999999999995e-01   7.6129999999999998e-01
   1.1320000000000000e-01   5.9950000000000003e-02   9.9450000000000005e-01
   9.9719999999999998e-01   5.4840000000000000e-02   7.2880000000000000e-02
   3.3550000000000002e-01   2.5969999999999999e-01   9.4269999999999998e-01
   6.0650000000000004e-01   4.9809999999999999e-01   7.7769999999999995e-01
   6.5710000000000002e-01   5.7720000000000005e-01   5.1839999999999997e-01
   1.7169999999999999e-01   2.3749999999999999e-01   9.8599999999999999e-01
   2.7850000000000003e-01   6.9480000000000000e-02   9.6160000000000001e-01
   9.9690000000000001e-01   8.4830000000000003e-02   5.9339999999999997e-02
   5.6669999999999998e-02   1.1200000000000000e-01   9.9870000000000003e-01
   5.1180000000000003e-01   6.6500000000000004e-01   5.7260000000000000e-01
   1.8940000000000001e-01   9.7689999999999999e-01   1.2830000000000000e-01
   2.2760000000000000e-01   8.8229999999999997e-01   4.5770000000000000e-01
   1.5260000000000001e-01   9.2059999999999997e-01   4.1039999999999999e-01
   4.9330000000000002e-01   8.7860000000000005e-01   2.1590000000000002e-02
   6.8360000000000004e-02   4.1250000000000002e-02   9.9800000000000000e-01
   4.4540000000000002e-01   1.1580000000000000e-01   8.9700000000000002e-01
   3.2329999999999998e-01   8.4770000000000001e-01   4.5910000000000001e-01
   6.6239999999999999e-01   5.3220000000000001e-01   5.6330000000000002e-01
   4.7299999999999998e-01   8.4230000000000005e-01   3.2090000000000002e-01
   1.9600000000000001e-01   2.7650000000000001e-02   9.8170000000000002e-01
   9.4149999999999998e-03   8.6429999999999996e-03   1.0710000000000000e+00
   2.2570000000000001e-01   9.6170000000000005e-02   9.7509999999999997e-01
   3.0630000000000002e-01   9.0969999999999995e-01   3.3060000000000000e-01
   9.9680000000000002e-01   5.2589999999999998e-02   9.1450000000000004e-02
   7.1309999999999996e-01   5.5040000000000000e-01   4.6120000000000000e-01
   1.1650000000000001e-01   9.8180000000000001e-01   1.9280000000000000e-01
   4.4280000000000003e-01   2.5979999999999998e-01   8.9690000000000003e-01
   9.3140000000000001e-01   1.4929999999999999e-01   3.5749999999999998e-01
   5.1060000000000005e-01   5.9919999999999995e-01   6.6849999999999998e-01
   4.1039999999999999e-01   7.0520000000000005e-01   6.2009999999999998e-01
   9.4799999999999995e-01   2.9120000000000001e-01   1.7990000000000000e-01
   4.6400000000000002e-01   5.9379999999999999e-01   7.4219999999999997e-01
   1.4499999999999999e-01   4.0789999999999998e-01   9.9029999999999996e-01
   5.8079999999999998e-01   1.5850000000000000e-01   8.1579999999999997e-01
   1.0409999999999999e+00   7.2630000000000004e-03   1.2610000000000000e-02
   7.6900000000000002e-01   3.5659999999999997e-01   5.7599999999999996e-01
   3.9639999999999997e-01   8.9700000000000002e-01   2.5330000000000003e-01
   3.5599999999999998e-01   7.6180000000000003e-01   5.8950000000000002e-01
   4.3859999999999999e-01   8.7890000000000001e-01   2.2250000000000000e-01
   3.7780000000000002e-01   6.4280000000000004e-01   7.3319999999999996e-01
   5.9680000000000000e-01   3.4300000000000003e-01   8.0600000000000005e-01
   6.3710000000000000e-01   8.3159999999999998e-02   7.7349999999999997e-01
   1.6109999999999999e-01   8.1250000000000003e-02   9.8750000000000004e-01
   9.8140000000000005e-01   2.0119999999999999e-01   4.3549999999999998e-02
   4.5920000000000000e-01   1.4570000000000000e-02   8.9649999999999996e-01
   8.7319999999999998e-01   4.5750000000000002e-01   2.3940000000000000e-01
   9.9539999999999995e-01   1.0510000000000000e-01   2.7269999999999999e-02
   1.3000000000000000e-01   9.7450000000000003e-01   2.3240000000000000e-01
   3.3960000000000001e-03   1.1060000000000001e+00   5.3220000000000003e-03
   7.1650000000000003e-01   4.0150000000000002e-01   6.2070000000000003e-01
   9.8629999999999995e-01   4.5490000000000003e-02   1.7730000000000001e-01
   3.1600000000000000e-01   4.2370000000000002e-01   9.4899999999999995e-01
   1.0389999999999999e+00   6.4749999999999999e-03   1.9740000000000001e-02
   1.0309999999999999e+00   1.5420000000000000e-02   6.6150000000000002e-03
   9.7940000000000005e-01   1.5100000000000000e-01   1.6059999999999999e-01
   4.7770000000000001e-01   4.9719999999999998e-01   8.7960000000000005e-01
   9.0949999999999998e-01   3.1840000000000002e-01   3.0349999999999999e-01
   8.8970000000000005e-01   3.9870000000000000e-01   2.5600000000000001e-01
   3.3960000000000001e-03   1.1060000000000001e+00   2.9960000000000000e-03
   9.4989999999999997e-01   2.1490000000000001e-01   2.5860000000000000e-01
   3.8210000000000000e-01   3.6190000000000000e-01   9.2420000000000002e-01
   1.2120000000000000e-01   5.7829999999999999e-02   9.9319999999999997e-01
   9.4899999999999995e-01   2.0050000000000001e-01   2.8470000000000001e-01
   5.2360000000000002e-03   1.0900000000000000e-02   1.0669999999999999e+00
   1.4499999999999999e-01   4.0789999999999998e-01   9.9029999999999996e-01
   3.9739999999999998e-01   3.7940000000000002e-02   9.1839999999999999e-01
   7.2550000000000003e-02   9.9790000000000001e-01   6.9910000000000000e-02
   9.9270000000000003e-01   3.3009999999999998e-02   1.3159999999999999e-01
   2.0300000000000001e-01   9.4830000000000003e-01   2.8580000000000000e-01
   2.0460000000000000e-01   2.5059999999999999e-02   9.8060000000000003e-01
   2.7700000000000002e-01   9.4960000000000000e-01   1.9680000000000000e-01
   3.6870000000000002e-03   2.2349999999999998e-02   1.0660000000000001e+00
   2.8530000000000000e-01   1.0280000000000000e-01   9.5960000000000001e-01
   2.0970000000000000e-01   6.3399999999999998e-02   9.7889999999999999e-01
   1.0790000000000000e-01   9.6399999999999997e-01   2.8050000000000003e-01
   5.7079999999999997e-01   8.2589999999999997e-01   3.6119999999999999e-02
   7.5249999999999995e-01   6.3680000000000003e-01   2.3699999999999999e-01
   3.5539999999999999e-01   8.4680000000000000e-01   4.3300000000000000e-01
   8.8890000000000002e-01   2.0560000000000000e-01   4.3070000000000003e-01
   8.5129999999999995e-01   4.2090000000000000e-01   3.5270000000000001e-01
   1.0660000000000001e+00   6.2779999999999997e-03   1.0740000000000000e-02
   1.7240000000000000e-01   7.9130000000000000e-01   6.3439999999999996e-01
   9.1149999999999998e-01   4.3159999999999998e-01   3.1130000000000001e-02
   3.0340000000000000e-01   3.3459999999999997e-02   9.5660000000000001e-01
   8.5429999999999995e-01   3.4470000000000001e-01   4.1599999999999998e-01
   2.7369999999999998e-02   9.9450000000000005e-01   1.2130000000000001e-01
   4.5100000000000001e-03   1.1259999999999999e+00   2.4979999999999998e-03
   4.6220000000000000e-01   7.2170000000000001e-01   5.6960000000000000e-01
   9.5430000000000001e-02   4.1730000000000003e-02   9.9639999999999995e-01
   2.0690000000000000e-01   9.7560000000000002e-01   1.0600000000000000e-01
   6.4880000000000004e-01   1.7380000000000001e-01   7.6290000000000002e-01
   7.7359999999999995e-01   6.2350000000000005e-01   1.3969999999999999e-01
   2.6169999999999999e-01   9.6470000000000000e-01   9.9930000000000005e-02
   4.0639999999999998e-01   2.2570000000000001e-01   9.1430000000000000e-01
   7.8890000000000005e-01   4.2340000000000000e-01   4.8099999999999998e-01
   2.7089999999999997e-01   8.0950000000000000e-01   5.8460000000000001e-01
   1.8540000000000001e-02   9.8460000000000003e-01   1.9919999999999999e-01
   5.6450000000000000e-01   7.1440000000000003e-01   4.5540000000000003e-01
   5.8999999999999997e-01   6.4800000000000002e-01   5.3590000000000004e-01
   9.4910000000000005e-01   2.6640000000000003e-01   2.2470000000000001e-01
   8.4719999999999995e-01   1.2429999999999999e-01   5.2890000000000004e-01
   9.6189999999999998e-01   2.7260000000000001e-01   1.0620000000000000e-01
   7.1080000000000004e-02   9.9490000000000001e-01   9.1920000000000002e-02
   2.5929999999999997e-01   7.1230000000000004e-01   7.2450000000000003e-01
   8.9680000000000004e-01   4.6160000000000001e-01   2.7930000000000000e-02
   9.2530000000000001e-02   9.9570000000000003e-01   6.3049999999999995e-02
   8.1960000000000005e-02   9.0000000000000002e-01   4.7210000000000002e-01
   8.3930000000000005e-01   3.2779999999999998e-01   4.6989999999999998e-01
   5.7040000000000002e-01   7.8939999999999999e-01   2.7120000000000000e-01
   1.9880000000000000e-01   9.5240000000000002e-01   2.6719999999999999e-01
   7.6280000000000003e-01   5.6869999999999998e-01   3.5620000000000002e-01
   4.6399999999999997e-02   9.3500000000000000e-02   9.9939999999999996e-01
   5.7920000000000005e-01   7.5749999999999995e-01   3.5649999999999998e-01
   2.2550000000000001e-01   7.7559999999999996e-01   6.4300000000000002e-01
   8.3990000000000002e-03   1.0520000000000000e-02   1.0700000000000001e+00
   2.7460000000000001e-01   1.6700000000000001e-01   9.6250000000000002e-01
   8.4150000000000003e-02   1.6039999999999999e-01   9.9719999999999998e-01
   3.1650000000000000e-01   8.6239999999999997e-02   9.4950000000000001e-01
   5.5479999999999996e-01   8.2130000000000003e-01   1.9980000000000001e-01
   1.4779999999999999e-01   2.4010000000000000e-02   9.8990000000000000e-01
   8.2210000000000005e-01   6.1699999999999998e-02   5.7469999999999999e-01
   1.3600000000000001e-01   8.3640000000000006e-02   9.9150000000000005e-01
   7.2850000000000004e-01   6.2849999999999995e-01   3.1609999999999999e-01
   5.2360000000000002e-03   1.0900000000000000e-02   1.0669999999999999e+00
   1.0420000000000000e+00   1.1240000000000000e-02   7.3949999999999997e-03
   3.1669999999999998e-01   9.1069999999999995e-01   3.0520000000000003e-01
   4.8590000000000000e-01   2.1149999999999999e-01   8.7580000000000002e-01
   9.7829999999999995e-01   1.3550000000000001e-01   1.8250000000000000e-01
   3.7780000000000002e-01   6.4280000000000004e-01   7.3319999999999996e-01
   1.0950000000000000e-01   1.9450000000000001e-01   9.9460000000000004e-01
   2.5729999999999997e-01   8.9590000000000003e-01   3.9500000000000002e-01
   4.1729999999999996e-03   1.0830000000000000e+00   4.0540000000000003e-03
   4.8849999999999996e-03   1.1259999999999999e-02   1.0669999999999999e+00
   3.2229999999999998e-01   7.4800000000000000e-01   6.4149999999999996e-01
   3.4210000000000002e-01   7.2300000000000003e-02   9.4050000000000000e-01
   3.0459999999999998e-01   9.5389999999999997e-01   9.0100000000000000e-02
   9.0890000000000004e-01   3.0349999999999999e-01   3.2890000000000003e-01
   8.9939999999999998e-01   2.3630000000000002e-02   4.4429999999999997e-01
   9.2349999999999999e-01   3.6459999999999998e-01   1.7110000000000000e-01
   9.9690000000000001e-01   8.4830000000000003e-02   5.9339999999999997e-02
   9.5909999999999995e-01   1.0440000000000001e-01   2.8570000000000001e-01
   4.3149999999999999e-01   8.5340000000000005e-01   3.2210000000000000e-01
   9.4540000000000002e-01   2.6660000000000000e-02   3.3069999999999999e-01
   1.7150000000000001e-01   5.0590000000000003e-02   9.8599999999999999e-01
   9.4640000000000002e-01   3.2579999999999998e-01   1.0249999999999999e-01
   9.4149999999999998e-03   8.6429999999999996e-03   1.0710000000000000e+00
   1.8590000000000001e-01   2.2739999999999999e-01   9.8340000000000005e-01
   3.7460000000000000e-02   9.9019999999999997e-01   1.6950000000000001e-01
   7.8979999999999995e-01   5.7940000000000003e-01   2.6939999999999997e-01
   9.7570000000000001e-01   2.0210000000000000e-01   1.3500000000000001e-01
   1.5040000000000001e-01   9.7999999999999998e-01   1.6450000000000001e-01
   7.7490000000000003e-01   3.0839999999999999e-02   6.3660000000000005e-01
   9.4099999999999995e-01   1.0310000000000000e-01   3.4029999999999999e-01
   8.8739999999999997e-01   2.5659999999999999e-01   4.0100000000000002e-01
   3.7659999999999999e-02   9.0159999999999996e-01   4.9500000000000000e-01
   5.4079999999999996e-03   1.0329999999999999e+00   1.7829999999999999e-02
   9.2560000000000003e-02   9.5399999999999996e-01   3.0499999999999999e-01
   7.8210000000000002e-01   6.2170000000000003e-01   1.1890000000000001e-01
   1.0090000000000000e-01   9.9529999999999996e-01   5.3350000000000002e-02
   7.6700000000000002e-01   4.4990000000000002e-02   6.4639999999999997e-01
   1.4189999999999999e-02   6.9340000000000001e-03   1.0609999999999999e+00
   7.3190000000000000e-01   3.2369999999999999e-01   6.2849999999999995e-01
   9.4740000000000005e-02   1.6180000000000000e-01   9.9600000000000000e-01
   7.3219999999999993e-02   1.8530000000000001e-02   9.9850000000000005e-01
   2.4049999999999998e-02   9.5020000000000004e-01   3.3850000000000002e-01
   3.9730000000000000e-03   1.0680000000000001e+00   1.6690000000000000e-02
   2.2800000000000001e-01   2.4859999999999999e-01   9.7540000000000004e-01
   3.5180000000000000e-01   9.2900000000000005e-01   1.7310000000000000e-01
   2.5969999999999999e-01   2.3400000000000001e-01   9.6670000000000000e-01
   1.1310000000000001e-01   9.9500000000000000e-01   2.7529999999999999e-02
   6.1240000000000006e-01   7.0789999999999997e-01   4.1570000000000001e-01
   8.3420000000000005e-01   9.6589999999999995e-02   5.5220000000000002e-01
   1.2570000000000001e-01   8.0649999999999999e-01   6.5380000000000005e-01
   6.1830000000000003e-02   7.1690000000000004e-02   9.9860000000000004e-01
   7.3819999999999997e-02   8.6380000000000001e-01   5.8109999999999995e-01
   9.7230000000000005e-01   1.2970000000000001e-01   2.1479999999999999e-01
   6.9969999999999999e-01   6.1350000000000005e-01   4.0479999999999999e-01
   4.2900000000000001e-02   8.7389999999999995e-02   9.9980000000000002e-01
   1.9980000000000001e-01   9.8409999999999997e-01   2.0830000000000001e-02
   3.1700000000000000e-01   9.5450000000000002e-01   1.6109999999999999e-02
   5.6150000000000000e-01   1.0990000000000000e-01   8.2920000000000005e-01
   9.4149999999999998e-03   8.6429999999999996e-03   1.0710000000000000e+00
   6.2969999999999998e-02   9.9700000000000000e-01   7.1790000000000007e-02
   9.9390000000000001e-01   1.3530000000000000e-01   4.0910000000000002e-02
   8.3109999999999995e-01   5.7620000000000005e-01   4.6690000000000002e-02
   1.0030000000000000e-01   2.0069999999999999e-01   9.9560000000000004e-01
   1.0760000000000001e+00   7.8110000000000002e-03   1.6789999999999999e-02
   2.0749999999999999e-01   3.5670000000000000e-02   9.7940000000000005e-01
   1.0060000000000000e+00   6.8810000000000000e-03   2.2390000000000000e-02
   8.7849999999999995e-01   2.5010000000000001e-02   4.8270000000000002e-01
   8.4540000000000004e-01   5.3190000000000004e-01   1.2260000000000000e-01
   3.3960000000000001e-03   1.1060000000000001e+00   2.9960000000000000e-03
   9.9329999999999996e-01   3.9180000000000000e-02   1.2300000000000000e-01
   5.7289999999999996e-01   2.7840000000000000e-02   8.2460000000000000e-01
   1.0309999999999999e+00   1.7960000000000000e-02   6.6150000000000002e-03
   1.0100000000000000e+00   4.4970000000000001e-03   5.2909999999999999e-02
   2.0760000000000001e-02   1.0400000000000000e+00   3.6080000000000001e-03
   1.0040000000000000e+00   1.0430000000000000e-02   1.0180000000000000e-02
   6.0709999999999997e-01   7.9149999999999998e-01   1.6950000000000001e-01
   6.1380000000000001e-01   1.0610000000000000e-01   7.9290000000000005e-01
   9.5669999999999999e-01   3.1550000000000000e-01   4.6370000000000001e-02
   5.7709999999999995e-01   8.1650000000000000e-01   1.2170000000000000e-01
   4.8849999999999999e-01   8.7490000000000001e-01   1.2150000000000000e-01
   6.2000000000000000e-01   7.6310000000000000e-01   2.3840000000000000e-01
   4.9149999999999999e-02   9.9199999999999999e-01   1.3159999999999999e-01
   3.8539999999999998e-03   2.6929999999999999e-02   1.0549999999999999e+00
   6.0990000000000003e-03   1.4409999999999999e-02   1.0640000000000001e+00
   5.1780000000000004e-01   7.5459999999999999e-02   8.5770000000000002e-01
   5.8789999999999998e-01   4.3130000000000002e-02   8.1150000000000000e-01
   9.8960000000000004e-01   1.5290000000000001e-01   2.2150000000000000e-02
   4.6979999999999999e-03   1.8780000000000002e-02   1.1120000000000001e+00
   2.7009999999999999e-02   7.6860000000000001e-03   1.0269999999999999e+00
   1.2959999999999999e-01   9.6079999999999999e-02   9.9190000000000000e-01
   1.0420000000000000e+00   1.1240000000000000e-02   7.3949999999999997e-03
   4.1729999999999996e-03   1.0830000000000000e+00   4.0540000000000003e-03
   1.0080000000000000e+00   7.2820000000000003e-03   3.8800000000000001e-02
   2.6110000000000000e-03   1.1240000000000001e+00   8.4899999999999993e-03
   1.0309999999999999e+00   1.5420000000000000e-02   6.6150000000000002e-03
   4.0610000000000000e-02   7.6630000000000004e-02   9.9980000000000002e-01
   4.5100000000000001e-03   1.1259999999999999e+00   2.4979999999999998e-03
   7.8640000000000002e-02   9.8490000000000001e-03   1.0029999999999999e+00
   4.5280000000000001e-02   6.0109999999999997e-02   9.9950000000000006e-01
   1.0060000000000000e+00   6.6689999999999999e-02   6.5859999999999998e-03
   1.7899999999999999e-02   6.1330000000000004e-03   1.0369999999999999e+00
   4.8849999999999996e-03   1.1259999999999999e-02   1.0669999999999999e+00
   2.8210000000000002e-03   1.0940000000000001e+00   9.7360000000000002e-02
   8.6719999999999997e-01   7.9060000000000005e-02   5.0580000000000003e-01
   1.0009999999999999e+00   1.7360000000000000e-02   1.6660000000000001e-02
   7.7939999999999998e-01   6.3519999999999999e-01   2.2020000000000001e-02
   8.4849999999999995e-03   1.0029999999999999e+00   7.6319999999999999e-02
   1.5599999999999999e-02   4.5400000000000003e-02   1.0009999999999999e+00
   5.5840000000000001e-02   9.8070000000000002e-01   2.3769999999999999e-01
   1.0009999999999999e+00   3.4799999999999998e-02   1.2239999999999999e-02
   1.1509999999999999e-01   8.7719999999999998e-01   5.1039999999999996e-01
   5.2000000000000002e-01   8.5980000000000001e-01   5.3839999999999999e-02
   6.9299999999999995e-01   7.1079999999999999e-01   1.6930000000000001e-01
   1.7580000000000001e-01   9.5860000000000001e-01   2.6210000000000000e-01
   6.2319999999999997e-03   1.0269999999999999e+00   1.9959999999999999e-02
   9.8590000000000000e-01   1.5709999999999999e-01   9.9669999999999995e-02
   5.5140000000000002e-02   9.2659999999999998e-01   4.1410000000000002e-01
   1.6240000000000001e-02   1.0020000000000000e+00   3.3110000000000001e-02
   1.6900000000000001e-01   6.3640000000000002e-02   9.8699999999999999e-01
   7.2950000000000004e-01   6.9289999999999996e-01   3.3040000000000000e-02
   9.5999999999999996e-01   2.8820000000000001e-01   4.7359999999999999e-02
   4.0880000000000000e-01   1.7199999999999999e-01   9.1379999999999995e-01
   8.3409999999999995e-01   4.2649999999999999e-01   3.9210000000000000e-01
   1.0009999999999999e+00   2.0889999999999999e-02   2.8479999999999998e-02
   9.0139999999999998e-02   7.5969999999999996e-02   9.9619999999999997e-01
   4.7190000000000003e-02   1.0009999999999999e+00   1.8100000000000002e-02
   1.3259999999999999e-02   1.0009999999999999e+00   4.8419999999999998e-02
   9.4489999999999996e-01   3.1809999999999999e-01   1.4310000000000000e-01
   1.8900000000000000e-01   7.4409999999999998e-01   7.2989999999999999e-01
   5.0119999999999998e-02   1.0020000000000000e+00   1.4579999999999999e-02
   1.8500000000000000e-01   9.7330000000000005e-01   1.7280000000000001e-01
   8.3009999999999995e-01   1.3210000000000000e-01   5.5679999999999996e-01
   1.4330000000000001e-01   9.2379999999999995e-01   3.7809999999999999e-01
   5.9670000000000001e-01   7.9759999999999998e-01   1.2650000000000000e-01
   1.2000000000000000e-02   9.4410000000000005e-01   4.0749999999999997e-01
   2.5230000000000002e-01   9.1969999999999996e-01   3.4229999999999999e-01
   1.1690000000000000e-01   9.9219999999999997e-01   7.8589999999999993e-02
   2.6900000000000002e-01   9.6160000000000001e-01   1.1760000000000000e-01
   9.9009999999999998e-01   1.4960000000000001e-01   4.8050000000000002e-02
   2.3130000000000001e-01   7.3109999999999997e-01   7.3909999999999998e-01
   9.7369999999999998e-02   9.9129999999999996e-01   1.1150000000000000e-01
   9.7060000000000002e-01   1.7010000000000000e-01   1.9470000000000001e-01
   7.1779999999999999e-01   6.2970000000000004e-01   3.2919999999999999e-01
   1.8590000000000001e-01   2.2739999999999999e-01   9.8340000000000005e-01
   2.7729999999999999e-01   7.9069999999999996e-01   5.9160000000000001e-01
   9.9929999999999997e-01   4.0439999999999997e-02   5.1720000000000002e-02
   6.8010000000000004e-01   4.6339999999999998e-01   5.9760000000000002e-01
   8.2809999999999995e-01   2.1260000000000001e-01   5.5410000000000004e-01
   1.2570000000000001e-01   8.0649999999999999e-01   6.5380000000000005e-01
   4.1959999999999997e-01   2.8699999999999998e-01   9.0790000000000004e-01
   4.6980000000000001e-02   8.5609999999999997e-01   6.0280000000000000e-01
   1.2959999999999999e-01   9.6079999999999999e-02   9.9190000000000000e-01
   7.9079999999999998e-02   7.5209999999999999e-01   7.7969999999999995e-01
   5.6100000000000005e-01   5.7789999999999997e-01   6.3639999999999997e-01
   3.7159999999999999e-01   8.8680000000000003e-01   3.1650000000000000e-01
   5.1890000000000003e-01   6.1859999999999998e-02   8.5619999999999996e-01
   1.9869999999999999e-01   9.6980000000000000e-01   1.7000000000000001e-01
   9.8270000000000002e-01   1.8880000000000000e-01   7.4620000000000006e-02
   6.5279999999999999e-03   2.7519999999999999e-02   1.0000000000000000e+00
   2.9490000000000000e-01   2.1870000000000001e-01   9.5640000000000003e-01
   9.9929999999999997e-01   4.0439999999999997e-02   5.1720000000000002e-02
   7.6090000000000002e-01   5.1219999999999999e-01   4.2980000000000002e-01
   4.5560000000000000e-01   2.3610000000000000e-01   8.9129999999999998e-01
   1.5440000000000001e-01   9.8929999999999996e-01   4.3139999999999998e-02
   1.5809999999999999e-01   9.4189999999999996e-01   3.2910000000000000e-01
   2.0460000000000000e-01   9.1739999999999999e-01   3.7490000000000001e-01
   5.2149999999999996e-01   8.1159999999999999e-01   3.2469999999999999e-01
   8.6450000000000005e-01   4.8380000000000001e-01   1.8520000000000000e-01
   5.6689999999999996e-01   2.2120000000000001e-01   8.2479999999999998e-01
   3.8200000000000001e-01   1.5670000000000001e-01   9.2549999999999999e-01
   5.1090000000000002e-01   5.7530000000000003e-01   7.3280000000000001e-01
   9.1170000000000001e-02   1.4600000000000000e-02   9.9800000000000000e-01
   9.6870000000000001e-01   8.0220000000000000e-02   2.5910000000000000e-01
   7.0540000000000003e-01   1.6800000000000001e-01   7.1350000000000002e-01
   7.6470000000000005e-01   2.0899999999999999e-01   6.4510000000000001e-01
   4.5410000000000000e-01   8.8680000000000003e-01   1.7060000000000000e-01
   1.0020000000000000e+00   1.5380000000000000e-02   8.3430000000000004e-02
   9.2969999999999997e-01   2.2300000000000000e-02   3.7780000000000002e-01
   3.5709999999999999e-02   1.4570000000000000e-02   1.0009999999999999e+00
   2.2090000000000001e-01   9.6699999999999997e-01   1.5340000000000001e-01
   7.1020000000000005e-01   1.8229999999999999e-01   7.0699999999999996e-01
   9.9399999999999999e-01   8.6739999999999998e-02   1.1219999999999999e-01
   4.6339999999999998e-01   7.4760000000000004e-01   5.0819999999999999e-01
   9.5699999999999993e-02   9.8370000000000002e-01   1.9760000000000000e-01
   8.8910000000000000e-01   3.7100000000000000e-01   3.1200000000000000e-01
   8.3460000000000001e-01   2.7050000000000002e-01   5.0870000000000004e-01
   1.5820000000000001e-01   1.9650000000000001e-01   9.8829999999999996e-01
   5.7789999999999997e-01   8.2240000000000002e-01   4.0340000000000001e-02
   8.5089999999999999e-01   4.6250000000000002e-01   2.9570000000000002e-01
   4.3340000000000001e-01   8.1699999999999995e-01   4.4090000000000001e-01
   9.7589999999999999e-01   6.5530000000000005e-02   2.3130000000000001e-01
   8.5960000000000003e-01   4.6010000000000001e-01   2.6560000000000000e-01
   7.7200000000000002e-01   4.7530000000000000e-01   4.5219999999999999e-01
   9.6299999999999997e-01   2.1590000000000001e-01   1.9400000000000001e-01
   3.4339999999999998e-01   9.3650000000000000e-01   1.1190000000000000e-01
   4.3450000000000000e-01   2.2770000000000001e-01   9.0110000000000001e-01
   5.8779999999999999e-01   1.4990000000000001e-01   8.1020000000000003e-01
   7.0909999999999995e-01   7.1970000000000006e-02   7.0730000000000004e-01
   1.1459999999999999e-01   3.3579999999999999e-02   9.9419999999999997e-01
   1.1630000000000000e-02   6.3880000000000006e-02   1.0020000000000000e+00
   3.5439999999999999e-01   7.9759999999999998e-01   5.2129999999999999e-01
   3.5410000000000003e-01   1.6360000000000000e-01   9.3569999999999998e-01
   5.7610000000000001e-02   9.9909999999999999e-01   4.7359999999999999e-02
   6.5400000000000003e-01   3.1109999999999999e-01   7.5819999999999999e-01
   7.8020000000000000e-01   1.1920000000000000e-01   6.3119999999999998e-01
   9.0500000000000003e-01   3.9500000000000002e-01   2.1759999999999999e-01
   6.5310000000000001e-01   6.5769999999999995e-01   4.2259999999999998e-01
   2.8149999999999997e-01   2.0460000000000000e-01   9.6070000000000000e-01
   1.0000000000000000e+00   4.2509999999999999e-02   2.6589999999999999e-02
   6.7040000000000000e-01   4.3990000000000001e-01   6.5210000000000001e-01
   3.1440000000000001e-01   8.8729999999999998e-01   3.6930000000000002e-01
   9.6009999999999995e-01   1.4299999999999999e-01   2.7210000000000001e-01
   4.1760000000000003e-01   9.0390000000000004e-01   1.3650000000000001e-01
   2.5929999999999997e-01   7.1230000000000004e-01   7.2450000000000003e-01
   9.9909999999999999e-01   6.3210000000000002e-02   3.6490000000000002e-02
   6.8740000000000001e-01   7.0679999999999998e-01   2.1720000000000000e-01
   8.0049999999999999e-01   4.9869999999999998e-01   3.5289999999999999e-01
   2.3769999999999999e-01   9.5999999999999996e-01   1.9270000000000001e-01
   6.8920000000000003e-01   6.9689999999999996e-01   2.3899999999999999e-01
   8.1159999999999999e-01   4.2320000000000002e-01   4.3780000000000002e-01
   5.9760000000000002e-01   6.7679999999999996e-01   4.8130000000000001e-01
   8.2689999999999997e-01   5.2159999999999995e-01   2.6240000000000002e-01
   1.3259999999999999e-02   1.0009999999999999e+00   4.8419999999999998e-02
   9.9309999999999998e-01   1.2120000000000000e-01   6.5960000000000005e-02
   9.3530000000000002e-01   3.0880000000000002e-01   2.3660000000000000e-01
   1.6439999999999999e-01   6.5210000000000004e-02   9.8719999999999997e-01
   3.5260000000000000e-02   2.0860000000000000e-02   1.0000000000000000e+00
   4.5910000000000001e-01   8.5480000000000000e-01   2.9599999999999999e-01
   3.3989999999999998e-01   7.3709999999999998e-01   6.4119999999999999e-01
   4.3390000000000001e-01   7.6459999999999995e-01   5.1390000000000002e-01
   4.8149999999999998e-01   7.6939999999999997e-01   4.7760000000000002e-01
   9.0039999999999998e-01   4.4130000000000003e-01   1.2260000000000000e-01
   2.9860000000000001e-02   1.0040000000000000e+00   1.1800000000000000e-02
   6.8840000000000001e-01   4.3630000000000002e-01   6.1819999999999997e-01
   4.9890000000000001e-01   3.3230000000000003e-02   8.6970000000000003e-01
   2.2100000000000002e-02   2.1489999999999999e-02   1.0160000000000000e+00
   9.2960000000000001e-02   9.8770000000000002e-01   1.6569999999999999e-01
   9.6499999999999997e-01   4.8140000000000002e-02   2.6860000000000001e-01
   2.4899999999999999e-02   2.6349999999999998e-02   1.0000000000000000e+00
   8.5680000000000001e-01   3.2640000000000002e-02   5.2359999999999995e-01
   5.0039999999999996e-01   3.2410000000000000e-01   8.6599999999999999e-01
   4.8840000000000000e-01   6.0650000000000004e-01   6.9359999999999999e-01
   2.3269999999999999e-01   9.3679999999999997e-01   2.9020000000000001e-01
   4.2369999999999998e-02   8.9700000000000002e-02   9.9970000000000003e-01
   5.3239999999999998e-01   5.5000000000000004e-01   6.9760000000000000e-01
   2.6769999999999999e-01   2.3890000000000000e-01   9.6450000000000002e-01
   5.4630000000000001e-01   6.1929999999999996e-01   6.0729999999999995e-01
   2.4140000000000000e-01   9.6550000000000002e-01   1.3530000000000000e-01
   1.0009999999999999e+00   2.3320000000000000e-02   1.8040000000000000e-02
   5.0460000000000005e-01   5.5240000000000000e-01   7.9059999999999997e-01
   8.7529999999999997e-01   3.8179999999999997e-01   3.3320000000000000e-01
   4.4280000000000003e-01   8.7209999999999999e-01   2.5659999999999999e-01
   3.0220000000000000e-02   1.0029999999999999e+00   2.4539999999999999e-02
   6.9699999999999995e-01   4.9790000000000001e-01   5.5449999999999999e-01
   2.0480000000000001e-01   8.9229999999999998e-01   4.4769999999999999e-01
   1.9789999999999999e-01   9.6660000000000001e-01   2.1329999999999999e-01
   5.6820000000000004e-01   7.8649999999999998e-01   2.9840000000000000e-01
   3.4250000000000003e-01   9.4469999999999998e-01   4.0329999999999998e-02
   5.1829999999999998e-01   6.4180000000000004e-01   6.4649999999999996e-01
   3.2279999999999998e-01   2.0430000000000001e-01   9.4810000000000005e-01
   7.5480000000000003e-01   3.8119999999999998e-01   5.7150000000000001e-01
   6.6180000000000003e-02   9.9919999999999998e-01   3.6580000000000001e-02
   2.8720000000000001e-01   9.5350000000000001e-01   1.2250000000000000e-01
   8.4209999999999993e-02   3.1189999999999999e-02   9.9760000000000004e-01
   9.2040000000000000e-01   2.3599999999999999e-01   3.3660000000000001e-01
   3.9670000000000000e-01   2.4670000000000000e-01   9.1869999999999996e-01
   2.2620000000000001e-01   9.6130000000000004e-01   2.0860000000000001e-01
   4.6560000000000001e-01   5.8399999999999996e-01   8.5309999999999997e-01
   9.6970000000000001e-01   2.2140000000000001e-01   1.3980000000000001e-01
   9.0139999999999998e-02   7.5969999999999996e-02   9.9619999999999997e-01
   2.8860000000000000e-02   9.9650000000000005e-01   1.0340000000000001e-01
   4.0489999999999998e-01   9.1739999999999999e-01   3.9730000000000001e-02
   9.7199999999999998e-01   1.8720000000000001e-01   1.8300000000000000e-01
   5.1729999999999998e-01   7.4780000000000002e-01   4.6050000000000002e-01
   6.8240000000000001e-01   5.3069999999999995e-01   5.3400000000000003e-01
   9.9790000000000001e-01   3.9149999999999997e-02   8.5940000000000003e-02
   2.4110000000000001e-01   1.3569999999999999e-01   9.7140000000000004e-01
   5.7989999999999997e-01   5.2300000000000002e-01   7.1999999999999997e-01
   3.7150000000000000e-01   7.2209999999999996e-01   6.3670000000000004e-01
   1.2450000000000000e-01   2.9319999999999999e-02   9.9409999999999998e-01
   3.0769999999999997e-01   6.3719999999999999e-02   9.5230000000000004e-01
   6.0950000000000004e-01   6.0950000000000004e-01   5.4110000000000003e-01
   1.7710000000000001e-01   9.8390000000000000e-01   7.6710000000000000e-02
   8.1569999999999998e-01   3.9050000000000001e-01   4.7739999999999999e-01
   5.6079999999999997e-01   1.5160000000000001e-01   8.2899999999999996e-01
   2.9320000000000002e-01   6.7930000000000004e-02   9.5760000000000001e-01
   5.0479999999999997e-02   3.8859999999999999e-02   9.9950000000000006e-01
   3.6969999999999997e-01   2.9830000000000001e-01   9.2959999999999998e-01
   3.0969999999999998e-01   7.0730000000000001e-02   9.5160000000000000e-01
   3.2679999999999998e-01   9.5569999999999999e-01   1.8010000000000002e-02
   3.6609999999999998e-01   6.5620000000000001e-01   7.5570000000000004e-01
   9.1430000000000000e-01   3.5139999999999999e-01   2.4270000000000000e-01
   1.0009999999999999e+00   2.7189999999999999e-02   2.5880000000000000e-02
   6.3310000000000000e-01   4.9270000000000003e-01   6.3680000000000003e-01
   2.4899999999999999e-02   2.6349999999999998e-02   1.0000000000000000e+00
   1.1140000000000000e-01   8.4940000000000004e-01   5.5879999999999996e-01
   4.7870000000000001e-01   8.0869999999999997e-01   3.8429999999999997e-01
   3.0380000000000001e-01   9.3400000000000005e-01   2.3469999999999999e-01
   9.2560000000000003e-02   9.5399999999999996e-01   3.0499999999999999e-01
   6.0890000000000000e-01   5.5400000000000005e-01   6.1390000000000000e-01
   8.4680000000000000e-01   9.3280000000000002e-02   5.3569999999999995e-01
   1.0009999999999999e+00   2.3320000000000000e-02   1.8040000000000000e-02
   6.3759999999999994e-01   4.6139999999999998e-01   6.8040000000000000e-01
   8.0810000000000004e-01   3.1900000000000001e-01   5.1649999999999996e-01
   5.0090000000000001e-01   6.9530000000000003e-01   5.5569999999999997e-01
   2.8870000000000001e-01   6.9730000000000003e-01   7.6910000000000001e-01
   8.8890000000000002e-01   2.0560000000000000e-01   4.3070000000000003e-01
   5.6469999999999998e-01   1.0249999999999999e-01   8.2860000000000000e-01
   9.8329999999999995e-01   1.7299999999999999e-01   1.0940000000000000e-01
   4.6800000000000003e-01   1.7949999999999999e-01   8.8480000000000003e-01
   4.0120000000000003e-02   4.1439999999999998e-02   9.9980000000000002e-01
   3.8210000000000000e-01   8.7700000000000000e-01   3.3839999999999998e-01
   7.4770000000000003e-01   5.7179999999999997e-01   3.7790000000000001e-01
   5.0479999999999997e-02   3.8859999999999999e-02   9.9950000000000006e-01
   1.9600000000000001e-01   2.7650000000000001e-02   9.8170000000000002e-01
   4.3580000000000002e-01   6.6539999999999999e-01   6.6659999999999997e-01
   6.4470000000000005e-01   1.9780000000000000e-01   7.6670000000000005e-01
   1.4680000000000001e-01   9.9170000000000003e-01   3.3430000000000001e-02
   3.8929999999999998e-01   2.0399999999999999e-01   9.2200000000000004e-01
   3.9850000000000002e-01   8.8249999999999995e-01   2.8129999999999999e-01
   3.5439999999999999e-01   8.3789999999999998e-01   4.6779999999999999e-01
   4.1990000000000000e-01   6.2209999999999999e-01   7.8449999999999998e-01
   4.3619999999999998e-01   6.0219999999999996e-01   7.9249999999999998e-01
   9.9409999999999998e-01   9.2469999999999997e-02   9.4119999999999995e-02
   3.4250000000000003e-01   6.7689999999999995e-01   7.6129999999999998e-01
   1.5040000000000001e-01   9.5130000000000003e-01   3.0640000000000001e-01
   3.1630000000000003e-01   8.6870000000000003e-01   4.1230000000000000e-01
   3.9479999999999998e-01   1.5500000000000000e-01   9.1940000000000000e-01
   1.3710000000000000e-01   2.0460000000000000e-01   9.9180000000000001e-01
   9.5440000000000003e-01   3.0869999999999997e-01   4.7860000000000000e-02
   9.0830000000000000e-01   1.4540000000000000e-01   4.0679999999999999e-01
   7.4739999999999995e-01   5.0749999999999995e-01   4.6329999999999999e-01
   2.4899999999999999e-02   2.6349999999999998e-02   1.0000000000000000e+00
   6.1350000000000005e-01   7.8230000000000000e-01   1.7720000000000000e-01
   8.2630000000000003e-01   4.6450000000000002e-01   3.5580000000000001e-01
   9.8890000000000000e-01   1.2250000000000000e-01   1.2920000000000001e-01
   9.3589999999999995e-01   2.5640000000000002e-01   2.7679999999999999e-01
   6.9020000000000004e-01   3.8969999999999999e-01   6.6659999999999997e-01
   2.8960000000000002e-01   4.5510000000000002e-02   9.5909999999999995e-01
   4.2940000000000000e-01   7.3909999999999998e-01   5.7599999999999996e-01
   5.2149999999999996e-01   2.1249999999999999e-01   8.5509999999999997e-01
   9.6179999999999999e-01   2.5280000000000002e-01   1.4630000000000001e-01
   1.2720000000000001e-01   9.9019999999999997e-01   8.0240000000000006e-02
   3.2429999999999998e-01   7.7990000000000004e-01   5.8220000000000005e-01
   9.3720000000000003e-01   2.3820000000000000e-01   2.9360000000000003e-01
   5.5159999999999998e-01   8.6770000000000003e-01   6.1190000000000003e-03
   2.6160000000000000e-01   6.6919999999999993e-02   9.6599999999999997e-01
   1.8809999999999999e-01   9.6220000000000006e-01   2.4670000000000000e-01
   8.5529999999999995e-02   9.9060000000000004e-01   1.3070000000000001e-01
   9.7050000000000003e-01   1.5509999999999999e-01   2.1850000000000000e-01
   9.6619999999999995e-01   1.4480000000000001e-01   2.3910000000000001e-01
   1.2770000000000001e-01   9.8780000000000001e-01   1.3180000000000000e-01
   6.1919999999999997e-01   5.0149999999999995e-01   6.8149999999999999e-01
   5.7599999999999996e-01   7.5100000000000000e-01   3.7450000000000000e-01
   8.3270000000000000e-01   5.5159999999999998e-01   1.6170000000000001e-01
   4.1260000000000002e-01   8.7109999999999999e-01   3.2800000000000001e-01
   9.5120000000000005e-01   2.7510000000000001e-01   1.7549999999999999e-01
   5.4279999999999995e-01   6.8200000000000005e-01   5.3300000000000003e-01
   1.5220000000000000e-01   2.7029999999999998e-02   9.8890000000000000e-01
   9.9650000000000005e-01   2.5729999999999999e-02   9.5420000000000005e-02
   2.8649999999999998e-01   9.5169999999999999e-01   1.6189999999999999e-01
   8.9890000000000003e-01   4.2580000000000001e-01   1.6969999999999999e-01
   2.2090000000000001e-01   2.9870000000000001e-02   9.7619999999999996e-01
   1.0000000000000000e+00   5.3039999999999997e-02   9.9050000000000006e-03
   8.7570000000000003e-01   4.1310000000000002e-01   2.8899999999999998e-01
   2.8610000000000002e-01   3.2329999999999998e-02   9.6120000000000005e-01
   7.7429999999999999e-01   3.2140000000000002e-01   5.7289999999999996e-01
   7.6399999999999996e-02   6.5729999999999997e-02   9.9780000000000002e-01
   8.8419999999999999e-01   3.0969999999999998e-01   3.7359999999999999e-01
   8.3930000000000005e-01   3.9119999999999999e-01   4.1510000000000002e-01
   5.9240000000000001e-02   9.9009999999999998e-01   1.5129999999999999e-01
   2.4399999999999999e-01   8.0269999999999994e-02   9.7089999999999999e-01
   8.1150000000000000e-02   1.0009999999999999e+00   1.0650000000000000e-02
   2.5209999999999999e-01   9.2400000000000004e-01   3.2619999999999999e-01
   6.8889999999999996e-01   7.2130000000000005e-01   1.0020000000000000e-01
   1.3259999999999999e-02   1.0009999999999999e+00   4.8419999999999998e-02
   5.2390000000000003e-01   8.6080000000000001e-01   3.5990000000000001e-02
   2.5650000000000001e-01   9.3730000000000002e-01   2.8100000000000003e-01
   1.0009999999999999e+00   2.3320000000000000e-02   1.8040000000000000e-02
   6.2949999999999995e-01   6.2460000000000004e-01   5.0249999999999995e-01
   7.4560000000000004e-01   4.6479999999999999e-01   5.0960000000000005e-01
   2.8210000000000002e-01   3.5410000000000003e-01   9.6040000000000003e-01
   9.0639999999999998e-01   2.5810000000000000e-02   4.2909999999999998e-01
   2.2550000000000001e-02   9.9960000000000004e-01   7.3609999999999995e-02
   1.0400000000000000e+00   5.2220000000000003e-02   5.4450000000000002e-03
   6.6400000000000003e-01   5.9670000000000001e-01   4.8139999999999999e-01
   8.0469999999999997e-01   4.7399999999999998e-01   3.8969999999999999e-01
   5.0170000000000003e-01   8.4789999999999999e-01   2.2750000000000001e-01
   9.2689999999999995e-02   4.1959999999999997e-02   9.9670000000000003e-01
   5.1859999999999995e-01   7.6990000000000003e-01   4.2530000000000001e-01
   4.4600000000000001e-01   6.2439999999999996e-01   7.1150000000000002e-01
   4.8909999999999998e-01   6.7900000000000005e-01   5.8579999999999999e-01
   1.9889999999999999e-01   8.1359999999999999e-01   5.8819999999999995e-01
   2.2009999999999999e-01   6.6439999999999999e-02   9.7619999999999996e-01
   6.2890000000000001e-01   7.1670000000000000e-01   3.5130000000000000e-01
   2.5969999999999999e-01   2.3400000000000001e-01   9.6670000000000000e-01
   1.0700000000000000e-01   9.9199999999999999e-01   1.0260000000000000e-01
   6.0719999999999996e-01   6.9069999999999998e-01   4.5169999999999999e-01
   8.7509999999999999e-01   4.7020000000000001e-01   1.5720000000000001e-01
   3.2150000000000001e-01   8.6730000000000002e-02   9.4820000000000004e-01
   5.6720000000000004e-01   6.3619999999999999e-01   5.6499999999999995e-01
   4.7780000000000000e-01   1.1360000000000001e-01   8.7990000000000002e-01
   2.0080000000000001e-01   1.6089999999999999e-01   9.8029999999999995e-01
   9.2330000000000001e-01   3.2100000000000001e-01   2.5100000000000000e-01
   1.7169999999999999e-01   2.3749999999999999e-01   9.8599999999999999e-01
   1.3020000000000001e-01   9.9439999999999995e-01   2.7119999999999998e-02
   6.8019999999999997e-02   8.3019999999999997e-02   9.9819999999999998e-01
   3.8019999999999998e-01   1.1680000000000000e-01   9.2640000000000000e-01
   8.0259999999999998e-01   5.7640000000000002e-01   2.3970000000000000e-01
   6.2370000000000003e-01   5.7220000000000004e-01   5.6889999999999996e-01
   3.4539999999999998e-01   7.5329999999999994e-02   9.4040000000000001e-01
   9.8580000000000001e-01   2.8360000000000000e-02   1.7910000000000001e-01
   9.2159999999999997e-01   1.9760000000000000e-01   3.6959999999999998e-01
   3.3439999999999998e-01   8.7060000000000004e-01   3.8569999999999999e-01
   1.5429999999999999e-01   7.4619999999999997e-01   7.3619999999999997e-01
   3.4250000000000003e-01   6.8669999999999998e-01   7.0540000000000003e-01
   2.3710000000000001e-01   6.7070000000000005e-02   9.7230000000000005e-01
   1.2959999999999999e-01   9.6079999999999999e-02   9.9190000000000000e-01
   6.6180000000000003e-02   9.9919999999999998e-01   3.6580000000000001e-02
   1.2120000000000000e-01   5.6300000000000003e-02   9.9319999999999997e-01
   9.6479999999999999e-01   3.0929999999999999e-02   2.7070000000000000e-01
   5.0200000000000000e-01   1.0850000000000000e-01   8.6580000000000001e-01
   9.6220000000000006e-01   2.0219999999999999e-01   2.2250000000000000e-01
   4.2420000000000002e-01   8.4150000000000003e-01   3.9240000000000003e-01
   7.2540000000000004e-01   3.7090000000000001e-01   6.2529999999999997e-01
   1.0580000000000001e-01   7.2559999999999999e-02   9.9480000000000002e-01
   9.9119999999999997e-01   6.8229999999999999e-02   1.3050000000000000e-01
   9.9900000000000000e-01   1.1769999999999999e-02   8.7179999999999994e-02
   9.8780000000000001e-01   7.5679999999999997e-02   1.6420000000000001e-01
   5.0400000000000000e-01   8.3730000000000004e-01   2.6660000000000000e-01
   3.2229999999999998e-01   9.2300000000000004e-01   2.7250000000000002e-01
   2.4049999999999998e-02   9.5020000000000004e-01   3.3850000000000002e-01
   9.2269999999999996e-01   3.4029999999999999e-01   2.1490000000000001e-01
   8.6509999999999998e-01   3.1440000000000001e-01   4.2309999999999998e-01
   1.0009999999999999e+00   3.4799999999999998e-02   1.2239999999999999e-02
   3.7019999999999997e-01   1.8210000000000001e-01   9.3010000000000004e-01
   6.0270000000000001e-01   1.6819999999999999e-01   7.9949999999999999e-01
   3.7780000000000002e-01   6.4280000000000004e-01   7.3319999999999996e-01
   1.4219999999999999e-01   2.0810000000000001e-01   9.9029999999999996e-01
   6.7789999999999995e-01   6.9430000000000003e-01   2.9499999999999998e-01
   1.2830000000000000e-01   1.4549999999999999e-01   9.9239999999999995e-01
   1.8950000000000000e-01   8.9670000000000005e-01   4.3490000000000001e-01
   3.5630000000000001e-01   5.0959999999999998e-02   9.3640000000000001e-01
   4.7349999999999998e-01   1.1440000000000000e-01   8.8229999999999997e-01
   2.0260000000000000e-01   1.0270000000000000e-01   9.7989999999999999e-01
   8.6499999999999999e-01   4.9830000000000002e-01   9.5019999999999993e-02
   9.7519999999999996e-01   2.2070000000000001e-01   6.4329999999999998e-02
   3.9290000000000003e-01   8.3199999999999996e-01   4.3450000000000000e-01
   9.4220000000000004e-01   3.5320000000000001e-01   5.8900000000000001e-02
   3.1119999999999998e-01   7.0130000000000003e-01   7.0079999999999998e-01
   8.9480000000000004e-01   3.1900000000000001e-01   3.3950000000000002e-01
   1.3259999999999999e-02   1.0009999999999999e+00   4.8419999999999998e-02
   5.7599999999999996e-01   7.7749999999999997e-01   3.1409999999999999e-01
   2.6210000000000001e-02   9.4530000000000003e-01   3.5220000000000001e-01
   8.1360000000000002e-02   9.8819999999999997e-01   1.6880000000000001e-01
   3.2469999999999999e-01   8.1359999999999999e-01   5.1349999999999996e-01
   9.6060000000000001e-01   1.8410000000000001e-01   2.3580000000000001e-01
   9.9650000000000005e-01   2.5729999999999999e-02   9.5420000000000005e-02
   9.9939999999999996e-01   1.8859999999999998e-02   5.4890000000000001e-02
   9.7829999999999995e-01   2.3790000000000000e-01   3.0140000000000000e-02
   9.2369999999999997e-01   2.6640000000000003e-01   3.1540000000000001e-01
   3.3550000000000002e-01   9.2869999999999997e-01   2.2080000000000000e-01
   3.3850000000000002e-01   9.4180000000000000e-02   9.4189999999999996e-01
   7.9079999999999998e-02   7.5209999999999999e-01   7.7969999999999995e-01
   2.5740000000000002e-01   8.4270000000000000e-01   5.1839999999999997e-01
   5.9419999999999995e-01   2.0780000000000001e-01   8.0730000000000002e-01
   3.7619999999999998e-01   7.5319999999999998e-01   5.7779999999999998e-01
   2.6160000000000000e-01   6.6919999999999993e-02   9.6599999999999997e-01
   3.5320000000000001e-01   1.9650000000000001e-01   9.3669999999999998e-01
   6.9799999999999995e-01   3.4509999999999999e-02   7.2070000000000001e-01
   6.4800000000000002e-01   7.3740000000000000e-02   7.6500000000000001e-01
   7.9079999999999998e-02   7.5209999999999999e-01   7.7969999999999995e-01
   3.0259999999999998e-01   4.1249999999999998e-01   9.5369999999999999e-01
   1.7899999999999999e-01   1.5770000000000001e-01   9.8490000000000000e-01
   1.3030000000000000e-01   8.7270000000000003e-01   5.3480000000000005e-01
   1.0009999999999999e+00   1.8859999999999998e-02   3.2360000000000000e-02
   2.7260000000000001e-01   9.4030000000000002e-01   2.5550000000000000e-01
   9.4610000000000005e-01   3.1309999999999999e-01   1.2400000000000000e-01
   2.0010000000000000e-01   1.0530000000000000e-01   9.8060000000000003e-01
   8.6140000000000005e-01   2.9320000000000002e-01   4.4309999999999999e-01
   2.7460000000000001e-01   1.6700000000000001e-01   9.6250000000000002e-01
   8.7619999999999998e-01   1.8250000000000000e-01   4.7799999999999998e-01
   9.9439999999999995e-01   1.2200000000000000e-01   1.5160000000000000e-02
   4.5560000000000000e-01   2.3610000000000000e-01   8.9129999999999998e-01
   3.3889999999999998e-01   3.4899999999999998e-01   9.4130000000000003e-01
   1.2500000000000000e-01   3.8500000000000000e-02   9.9299999999999999e-01
   9.3269999999999997e-01   1.9439999999999999e-01   3.3150000000000002e-01
   7.2909999999999997e-01   3.4470000000000001e-01   6.1890000000000001e-01
   1.2050000000000000e-01   1.5650000000000001e-02   1.0229999999999999e+00
   9.9929999999999997e-01   4.0439999999999997e-02   5.1720000000000002e-02
   9.1369999999999996e-01   3.7909999999999999e-01   2.0949999999999999e-01
   7.6829999999999998e-01   6.2900000000000000e-01   1.8820000000000001e-01
   7.3270000000000002e-01   6.3190000000000002e-01   2.8799999999999998e-01
   4.8270000000000002e-01   8.2879999999999998e-01   3.3929999999999999e-01
   6.2960000000000005e-01   7.5380000000000003e-01   2.6610000000000000e-01
   9.8909999999999998e-01   1.1119999999999999e-01   1.3930000000000001e-01
   5.6330000000000002e-01   7.4700000000000000e-01   4.1120000000000001e-01
   6.2390000000000001e-01   7.0740000000000003e-01   3.7169999999999997e-01
   7.7049999999999996e-01   5.7589999999999997e-01   3.1269999999999998e-01
   8.2920000000000005e-01   3.4350000000000003e-01   4.6689999999999998e-01
   1.8540000000000001e-02   9.8460000000000003e-01   1.9919999999999999e-01
   7.7139999999999997e-01   1.3389999999999999e-01   6.3680000000000003e-01
   1.2720000000000001e-01   9.9019999999999997e-01   8.0240000000000006e-02
   6.7810000000000004e-01   1.0050000000000000e-02   7.6459999999999995e-01
   9.0680000000000005e-01   2.3139999999999999e-01   3.8900000000000001e-01
   3.5260000000000000e-02   2.0860000000000000e-02   1.0000000000000000e+00
   1.6860000000000000e-01   9.9019999999999997e-01   2.6769999999999999e-02
   2.4899999999999999e-02   2.6349999999999998e-02   1.0000000000000000e+00
   6.3980000000000004e-01   1.1310000000000001e-01   7.7129999999999999e-01
   8.8249999999999995e-01   4.4690000000000002e-01   2.1609999999999999e-01
   4.9480000000000002e-01   2.1950000000000000e-01   8.7009999999999998e-01
   5.7030000000000003e-01   7.6670000000000002e-02   8.2360000000000000e-01
   6.5400000000000003e-01   3.1109999999999999e-01   7.5819999999999999e-01
   7.4070000000000003e-01   4.1520000000000001e-01   5.6730000000000003e-01
   2.0080000000000001e-01   1.6089999999999999e-01   9.8029999999999995e-01
   5.2109999999999997e-02   1.0280000000000000e-01   9.9929999999999997e-01
   1.0009999999999999e+00   2.3320000000000000e-02   1.8040000000000000e-02
   8.1780000000000005e-02   6.2109999999999999e-02   9.9719999999999998e-01
   8.2340000000000002e-01   1.3650000000000001e-01   5.6820000000000004e-01
   2.9210000000000003e-01   3.1619999999999998e-01   9.5679999999999998e-01
   8.1780000000000005e-02   6.2109999999999999e-02   9.9719999999999998e-01
   4.8009999999999997e-02   1.2630000000000000e-01   9.9939999999999996e-01
   6.8189999999999995e-01   6.7640000000000000e-01   3.3489999999999998e-01
   5.2679999999999998e-02   7.7910000000000001e-01   7.1919999999999995e-01
   9.9170000000000003e-01   1.3760000000000000e-01   7.8320000000000001e-02
   1.8720000000000001e-01   9.9019999999999997e-01   2.0389999999999998e-02
   3.2910000000000000e-01   9.3720000000000003e-01   1.4729999999999999e-01
   5.4869999999999997e-01   9.6449999999999994e-02   8.3779999999999999e-01
   2.3100000000000001e-01   1.9120000000000001e-01   9.7340000000000004e-01
   2.9599999999999999e-01   7.5790000000000002e-01   6.4339999999999997e-01
   6.9760000000000000e-01   3.7819999999999999e-02   7.2430000000000005e-01
   9.5009999999999994e-01   2.9959999999999998e-01   1.5079999999999999e-01
   7.6770000000000005e-01   4.0610000000000002e-01   5.2559999999999996e-01
   9.7089999999999999e-01   2.5030000000000002e-01   8.1680000000000003e-02
   5.3359999999999998e-02   1.0780000000000001e-01   9.9909999999999999e-01
   9.9909999999999999e-01   6.3210000000000002e-02   3.6490000000000002e-02
   9.5550000000000002e-01   2.4090000000000000e-02   3.0180000000000001e-01
   4.2840000000000000e-01   9.4509999999999997e-02   9.0520000000000000e-01
   6.8779999999999997e-01   7.2860000000000003e-01   1.2859999999999999e-01
   7.7359999999999995e-01   6.2350000000000005e-01   1.3969999999999999e-01
   1.8360000000000001e-01   9.8490000000000000e-01   4.4569999999999999e-02
   4.1049999999999998e-01   5.4510000000000003e-02   9.1339999999999999e-01
   8.4669999999999995e-02   9.5460000000000000e-01   2.9999999999999999e-01
   1.5599999999999999e-02   4.5400000000000003e-02   1.0009999999999999e+00
   1.1860000000000000e-01   8.8749999999999996e-01   4.7389999999999999e-01
   3.7469999999999998e-01   2.3610000000000000e-01   9.2879999999999996e-01
   5.5590000000000001e-02   9.9739999999999995e-01   7.0910000000000001e-02
   2.1229999999999999e-01   7.0889999999999995e-02   9.7950000000000004e-01
   9.2330000000000001e-01   2.8739999999999999e-01   2.9060000000000002e-01
   6.9979999999999998e-01   5.5159999999999998e-01   4.9909999999999999e-01
   9.9909999999999999e-01   1.2930000000000001e-02   8.0119999999999997e-02
   3.7250000000000000e-01   9.2010000000000003e-01   1.8520000000000000e-01
   1.1899999999999999e-01   9.8719999999999997e-01   1.3460000000000000e-01
   5.5769999999999997e-01   6.9760000000000000e-01   4.9730000000000002e-01
   9.3959999999999999e-01   2.7760000000000001e-01   2.4629999999999999e-01
   2.2439999999999999e-01   5.3140000000000000e-02   9.7560000000000002e-01
   3.9290000000000003e-01   6.8689999999999996e-01   6.5029999999999999e-01
   9.5950000000000002e-01   2.4900000000000000e-01   1.8690000000000001e-01
   9.8960000000000004e-01   1.6130000000000000e-01   2.8479999999999998e-02
   9.5060000000000006e-02   9.1410000000000002e-01   4.2480000000000001e-01
   6.8479999999999996e-01   5.9480000000000000e-01   4.4900000000000001e-01
   1.4810000000000001e-01   9.8680000000000001e-01   9.6519999999999995e-02
   1.0000000000000000e+00   1.4010000000000000e-02   3.6470000000000002e-02
   2.3799999999999999e-01   7.2109999999999996e-01   7.3939999999999995e-01
   1.5750000000000000e-01   9.8390000000000000e-01   1.0360000000000000e-01
   9.0139999999999998e-02   7.5969999999999996e-02   9.9619999999999997e-01
   4.6620000000000000e-01   8.7590000000000001e-01   1.9209999999999999e-01
   8.1200000000000006e-01   5.9930000000000005e-01   9.1749999999999998e-02
   1.0850000000000000e-01   8.0920000000000003e-01   6.4749999999999996e-01
   1.6680000000000000e-01   9.7330000000000005e-01   2.0530000000000001e-01
   1.4019999999999999e-01   9.6099999999999997e-01   2.7689999999999998e-01
   4.2940000000000000e-01   1.2930000000000000e-01   9.0620000000000001e-01
   6.2930000000000000e-02   9.4620000000000004e-01   3.4000000000000002e-01
   1.2170000000000000e-01   1.0650000000000000e-01   9.9329999999999996e-01
   9.3179999999999999e-02   9.9229999999999996e-01   1.0879999999999999e-01
   2.3449999999999999e-01   9.0910000000000002e-01   3.9240000000000003e-01
   9.9309999999999998e-01   1.0130000000000000e-01   9.6439999999999998e-02
   1.3059999999999999e-01   3.2280000000000003e-02   9.9319999999999997e-01
   4.2670000000000002e-01   1.8170000000000000e-01   9.0580000000000005e-01
   9.2490000000000006e-01   1.4670000000000000e-01   3.7440000000000001e-01
   9.8460000000000003e-01   1.8179999999999999e-01   7.0300000000000001e-02
   2.5080000000000002e-01   1.8270000000000000e-01   9.6860000000000002e-01
   2.6830000000000000e-02   1.0040000000000000e+00   1.1550000000000000e-02
   6.6410000000000002e-01   6.6469999999999996e-01   3.8140000000000002e-01
   8.0349999999999999e-01   2.0840000000000001e-02   6.0029999999999994e-01
   7.9079999999999998e-02   7.5209999999999999e-01   7.7969999999999995e-01
   2.9100000000000001e-02   2.0860000000000000e-02   1.0000000000000000e+00
   8.6770000000000003e-01   2.4950000000000000e-01   4.5069999999999999e-01
   2.0699999999999999e-01   9.7909999999999997e-01   8.6279999999999996e-02
   4.1139999999999999e-01   2.8100000000000003e-01   9.1279999999999994e-01
   1.9859999999999999e-02   9.8939999999999995e-01   1.8490000000000001e-01
   7.7420000000000000e-01   6.1129999999999995e-01   2.1010000000000001e-01
   2.2780000000000000e-01   7.5920000000000001e-02   9.7499999999999998e-01
   5.6200000000000000e-02   9.9960000000000004e-01   3.9550000000000002e-02
   2.6830000000000000e-02   1.0040000000000000e+00   1.1550000000000000e-02
   3.9739999999999998e-01   3.7940000000000002e-02   9.1839999999999999e-01
   6.9460000000000000e-01   1.0110000000000000e-01   7.2199999999999998e-01
   7.3640000000000005e-01   5.6340000000000001e-01   4.0629999999999999e-01
   6.2949999999999995e-01   7.4329999999999996e-01   2.9210000000000003e-01
   3.2310000000000000e-01   7.4190000000000006e-02   9.4710000000000005e-01
   9.9780000000000002e-01   9.8760000000000001e-02   1.9029999999999998e-02
   1.6810000000000000e-01   4.6690000000000002e-02   9.8629999999999995e-01
   9.4999999999999996e-01   1.3109999999999999e-01   3.1280000000000002e-01
   5.7000000000000002e-02   3.0110000000000001e-02   9.9880000000000002e-01
   2.9520000000000002e-01   9.2440000000000000e-01   2.9449999999999998e-01
   5.5919999999999997e-02   8.7690000000000001e-01   5.6750000000000000e-01
   8.5019999999999996e-01   5.3090000000000004e-01   5.5579999999999997e-02
   2.9070000000000001e-01   1.0349999999999999e-01   9.5779999999999998e-01
   9.8460000000000003e-01   1.1370000000000000e-01   1.5939999999999999e-01
   9.0910000000000002e-01   4.2890000000000000e-01   4.2819999999999997e-02
   8.5159999999999993e-03   9.9990000000000001e-01   6.8620000000000000e-02
   8.6270000000000002e-01   4.2040000000000000e-01   3.2140000000000002e-01
   2.9409999999999997e-01   8.6409999999999998e-01   4.5429999999999998e-01
   1.5219999999999999e-02   2.1389999999999999e-02   1.0009999999999999e+00
   6.8969999999999998e-01   6.8339999999999998e-02   7.2619999999999996e-01
   9.0639999999999998e-01   2.5810000000000000e-02   4.2909999999999998e-01
   3.2600000000000001e-01   3.1140000000000001e-01   9.4599999999999995e-01
   7.8020000000000000e-01   1.1920000000000000e-01   6.3119999999999998e-01
   9.9980000000000002e-01   6.2909999999999994e-02   3.6139999999999999e-02
   1.4160000000000000e-01   9.6609999999999996e-01   2.4840000000000001e-01
   5.7000000000000002e-02   3.0110000000000001e-02   9.9880000000000002e-01
   9.3359999999999999e-01   3.4839999999999999e-01   1.0750000000000000e-01
   9.5440000000000003e-01   1.6230000000000000e-01   2.9440000000000000e-01
   1.4649999999999999e-01   9.7280000000000000e-01   2.2839999999999999e-01
   2.8289999999999999e-02   5.4219999999999997e-02   9.9990000000000001e-01
   1.6669999999999999e-01   7.9039999999999999e-01   6.5229999999999999e-01
   9.1359999999999997e-01   4.0739999999999998e-01   1.1559999999999999e-01
   1.8079999999999999e-02   9.9270000000000003e-01   1.4269999999999999e-01
   3.6880000000000002e-01   6.5459999999999996e-01   7.1030000000000004e-01
   8.5709999999999997e-01   2.6159999999999999e-02   5.2059999999999995e-01
   4.3080000000000002e-01   6.9950000000000001e-01   6.2080000000000002e-01
   2.7510000000000001e-01   8.8249999999999995e-01   4.2430000000000001e-01
   7.5319999999999998e-01   2.8970000000000001e-01   6.4700000000000002e-01
   2.1029999999999999e-01   9.2700000000000005e-01   3.3500000000000002e-01
   6.3160000000000005e-01   1.2220000000000000e-01   7.7820000000000000e-01
   9.9170000000000003e-01   1.3760000000000000e-01   7.8320000000000001e-02
   3.8300000000000001e-02   9.1390000000000005e-01   4.3750000000000000e-01
   1.0340000000000001e-01   9.9560000000000004e-01   3.6620000000000000e-02
   7.4560000000000001e-02   3.5709999999999999e-02   9.9800000000000000e-01
   2.6830000000000000e-02   1.0109999999999999e+00   1.1550000000000000e-02
   3.0459999999999998e-01   9.5389999999999997e-01   9.0100000000000000e-02
   1.1390000000000000e-01   4.7940000000000003e-02   9.9399999999999999e-01
   6.8320000000000003e-01   3.9530000000000003e-02   7.3299999999999998e-01
   8.4250000000000003e-01   5.1459999999999995e-01   2.2100000000000000e-01
   7.8239999999999998e-01   1.1260000000000001e-01   6.2660000000000005e-01
   3.7359999999999997e-02   8.9139999999999997e-01   5.0790000000000002e-01
   9.8450000000000004e-01   1.5250000000000000e-01   1.2780000000000000e-01
   4.8520000000000002e-01   8.7609999999999999e-01   8.5989999999999997e-02
   5.5239999999999997e-02   9.9970000000000003e-01   3.1980000000000001e-02
   2.7369999999999998e-02   9.9450000000000005e-01   1.2130000000000001e-01
   3.1450000000000000e-01   6.8350000000000000e-01   7.4250000000000005e-01
   3.4020000000000000e-01   8.9700000000000002e-01   3.4539999999999998e-01
   3.8739999999999997e-02   1.0000000000000000e+00   5.0760000000000000e-02
   1.0950000000000000e-01   1.9450000000000001e-01   9.9460000000000004e-01
   7.8879999999999995e-01   3.5970000000000002e-01   5.2759999999999996e-01
   4.2320000000000002e-01   8.9580000000000004e-01   2.1110000000000001e-01
   2.2660000000000000e-01   8.1259999999999999e-01   5.8579999999999999e-01
   1.6439999999999999e-01   6.5210000000000004e-02   9.8719999999999997e-01
   1.0850000000000000e-01   8.0920000000000003e-01   6.4749999999999996e-01
   2.8360000000000000e-02   9.4430000000000003e-01   3.4589999999999999e-01
   2.8860000000000000e-02   9.9650000000000005e-01   1.0340000000000001e-01
   5.5859999999999999e-01   8.1289999999999996e-01   2.2380000000000000e-01
   7.1179999999999999e-01   1.0730000000000001e-01   7.0360000000000000e-01
   5.4259999999999997e-01   2.9580000000000001e-01   8.4050000000000002e-01
   6.9689999999999996e-01   7.2570000000000001e-01   2.8389999999999999e-02
   7.3719999999999997e-01   6.3629999999999998e-01   2.6469999999999999e-01
   7.8200000000000003e-01   5.8479999999999999e-01   2.8389999999999999e-01
   5.8789999999999998e-01   4.3130000000000002e-02   8.1150000000000000e-01
   2.6830000000000000e-02   1.0040000000000000e+00   1.1550000000000000e-02
   5.2749999999999997e-01   7.9659999999999997e-01   3.6599999999999999e-01
   9.8660000000000003e-01   9.0840000000000004e-02   1.6520000000000001e-01
   1.6240000000000001e-02   1.0020000000000000e+00   3.3110000000000001e-02
   3.0340000000000000e-01   3.9319999999999999e-01   9.5360000000000000e-01
   8.0720000000000003e-01   5.2120000000000000e-01   3.2129999999999997e-01
   1.8959999999999999e-01   3.9180000000000000e-02   9.8250000000000004e-01
   1.3589999999999999e-01   9.8719999999999997e-01   1.1570000000000000e-01
   4.2440000000000000e-01   2.5300000000000000e-01   9.0580000000000005e-01
   9.8419999999999994e-02   1.3510000000000000e-01   9.9590000000000001e-01
   2.5419999999999998e-01   4.2499999999999999e-01   9.6789999999999998e-01
   3.9910000000000001e-01   8.0950000000000000e-01   4.7739999999999999e-01
   9.9900000000000000e-01   9.1149999999999995e-02   2.2960000000000001e-02
   2.5729999999999997e-01   9.5899999999999996e-01   1.7219999999999999e-01
   2.5140000000000001e-01   9.7050000000000003e-01   2.6030000000000001e-02
   6.9320000000000004e-01   7.3250000000000004e-01   1.3360000000000000e-02
   7.9190000000000005e-01   6.1350000000000005e-01   8.9380000000000001e-02
   1.9159999999999999e-01   5.5309999999999998e-02   9.8309999999999997e-01
   3.5709999999999999e-02   1.4570000000000000e-02   1.0009999999999999e+00
   1.8529999999999999e-01   2.1280000000000000e-02   9.8580000000000001e-01
   2.6660000000000000e-01   7.5710000000000000e-01   6.6030000000000000e-01
   2.2859999999999998e-02   4.5379999999999997e-02   1.0000000000000000e+00
   1.9140000000000001e-02   9.7599999999999998e-01   2.6769999999999999e-01
   8.7770000000000004e-01   3.3000000000000002e-01   3.8719999999999999e-01
   2.1800000000000000e-01   2.2140000000000001e-01   9.7689999999999999e-01
   6.0380000000000003e-02   1.0000000000000000e+00   1.6600000000000000e-02
   9.7619999999999998e-02   6.4600000000000005e-02   9.9570000000000003e-01
   8.6109999999999998e-01   5.1239999999999997e-01   1.0570000000000000e-01
   2.4680000000000001e-02   1.0029999999999999e+00   2.0729999999999998e-02
