0.9993333333	0	
0.9986666667	0	
0.998	0	
0.9973333333	0	
0.9966666667	0	
0.996	0	
0.9953333333	0	
0.9946666667	0	
0.994	0	
0.9933333333	0	
0.9926666667	0	
0.992	0	
0.9913333333	0	
0.9906666667	0	
0.99	0	
0.9893333333	0	
0.9886666667	0	
0.988	0	
0.9873333333	0	
0.9866666667	0	
0.986	0	
0.9853333333	0	
0.9846666667	0	
0.984	0	
0.9833333333	0	
0.9826666667	0	
0.982	0	
0.9813333333	0	
0.9806666667	0	
0.98	0	
0.9793333333	0	
0.9786666667	0	
0.978	0	
0.9773333333	0	
0.9766666667	0	
0.976	0	
0.9753333333	0	
0.9746666667	0	
0.974	0	
0.9733333333	0	
0.9726666667	0	
0.972	0	
0.9713333333	0	
0.9706666667	0	
0.97	0	
0.9693333333	0	
0.9686666667	0	
0.968	0	
0.9673333333	0	
0.9666666667	0	
0.966	0	
0.9653333333	0	
0.9646666667	0	
0.964	0	
0.9633333333	0	
0.9626666667	0	
0.962	0	
0.9613333333	0	
0.9606666667	0	
0.96	0	
0.9593333333	0	
0.9586666667	0	
0.958	0	
0.9573333333	0	
0.9566666667	0	
0.956	0	
0.9553333333	0	
0.9546666667	0	
0.954	0	
0.9533333333	0	
0.9526666667	0	
0.952	0	
0.9513333333	0	
0.9506666667	0	
0.95	0	
0.9493333333	0	
0.9486666667	0	
0.948	0	
0.9473333333	0	
0.9466666667	0	
0.946	0	
0.9453333333	0	
0.9446666667	0	
0.944	0	
0.9433333333	0	
0.9426666667	0	
0.942	0	
0.9413333333	0	
0.9406666667	0	
0.94	0	
0.9393333333	0	
0.9386666667	0	
0.938	0	
0.9373333333	0	
0.9366666667	0	
0.936	0	
0.9353333333	0	
0.9346666667	0	
0.934	0	
0.9333333333	0	
0.9326666667	0	
0.932	0	
0.9313333333	0	
0.9306666667	0	
0.93	0	
0.9293333333	0	
0.9286666667	0	
0.928	0	
0.9273333333	0	
0.9266666667	0	
0.926	0	
0.9253333333	0	
0.9246666667	0	
0.924	0	
0.9233333333	0	
0.9226666667	0	
0.922	0	
0.9213333333	0	
0.9206666667	0	
0.92	0	
0.9193333333	0	
0.9186666667	0	
0.918	0	
0.9173333333	0	
0.9166666667	0	
0.916	0	
0.9153333333	0	
0.9146666667	0	
0.914	0	
0.9133333333	0	
0.9126666667	0	
0.912	0	
0.9113333333	0	
0.9106666667	0	
0.91	0	
0.9093333333	0	
0.9086666667	0	
0.908	0	
0.9073333333	0	
0.9066666667	0	
0.906	0	
0.9053333333	0	
0.9046666667	0	
0.904	0	
0.9033333333	0	
0.9026666667	0	
0.902	0	
0.9013333333	0	
0.9006666667	0	
0.8993333333	0	
0.8986666667	0	
0.898	0	
0.8973333333	0	
0.8966666667	0	
0.896	0	
0.8953333333	0	
0.8946666667	0	
0.894	0	
0.8933333333	0	
0.8926666667	0	
0.892	0	
0.8913333333	0	
0.8906666667	0	
0.89	0	
0.8893333333	0	
0.8886666667	0	
0.888	0	
0.8873333333	0	
0.8866666667	0	
0.886	0	
0.8853333333	0	
0.8846666667	0	
0.884	0	
0.8833333333	0	
0.8826666667	0	
0.882	0	
0.8813333333	0	
0.8806666667	0	
0.88	0	
0.8793333333	0	
0.8786666667	0	
0.878	0	
0.8773333333	0	
0.8766666667	0	
0.876	0	
0.8753333333	0	
0.8746666667	0	
0.874	0	
0.8733333333	0	
0.8726666667	0	
0.872	0	
0.8713333333	0	
0.8706666667	0	
0.87	0	
0.8693333333	0	
0.8686666667	0	
0.868	0	
0.8673333333	0	
0.8666666667	0	
0.866	0	
0.8653333333	0	
0.8646666667	0	
0.864	0	
0.8633333333	0	
0.8626666667	0	
0.862	0	
0.8613333333	0	
0.8606666667	0	
0.86	0	
0.8593333333	0	
0.8586666667	0	
0.858	0	
0.8573333333	0	
0.8566666667	0	
0.856	0	
0.8553333333	0	
0.8546666667	0	
0.854	0	
0.8533333333	0	
0.8526666667	0	
0.852	0	
0.8513333333	0	
0.8506666667	0	
0.85	0	
0.8493333333	0	
0.8486666667	0	
0.848	0	
0.8473333333	0	
0.8466666667	0	
0.846	0	
0.8453333333	0	
0.8446666667	0	
0.844	0	
0.8433333333	0	
0.8426666667	0	
0.842	0	
0.8413333333	0	
0.8406666667	0	
0.84	0	
0.8393333333	0	
0.8386666667	0	
0.838	0	
0.8373333333	0	
0.8366666667	0	
0.836	0	
0.8353333333	0	
0.8346666667	0	
0.834	0	
0.8333333333	0	
0.8326666667	0	
0.832	0	
0.8313333333	0	
0.8306666667	0	
0.83	0	
0.8293333333	0	
0.8286666667	0	
0.828	0	
0.8273333333	0	
0.8266666667	0	
0.826	0	
0.8253333333	0	
0.8246666667	0	
0.824	0	
0.8233333333	0	
0.8226666667	0	
0.822	0	
0.8213333333	0	
0.8206666667	0	
0.82	0	
0.8193333333	0	
0.8186666667	0	
0.818	0	
0.8173333333	0	
0.8166666667	0	
0.816	0	
0.8153333333	0	
0.8146666667	0	
0.814	0	
0.8133333333	0	
0.8126666667	0	
0.812	0	
0.8113333333	0	
0.8106666667	0	
0.81	0	
0.8093333333	0	
0.8086666667	0	
0.808	0	
0.8073333333	0	
0.8066666667	0	
0.806	0	
0.8053333333	0	
0.8046666667	0	
0.804	0	
0.8033333333	0	
0.8026666667	0	
0.802	0	
0.8013333333	0	
0.8006666667	0	
0.7993333333	0	
0.7986666667	0	
0.798	0	
0.7973333333	0	
0.7966666667	0	
0.796	0	
0.7953333333	0	
0.7946666667	0	
0.794	0	
0.7933333333	0	
0.7926666667	0	
0.792	0	
0.7913333333	0	
0.7906666667	0	
0.79	0	
0.7893333333	0	
0.7886666667	0	
0.788	0	
0.7873333333	0	
0.7866666667	0	
0.786	0	
0.7853333333	0	
0.7846666667	0	
0.784	0	
0.7833333333	0	
0.7826666667	0	
0.782	0	
0.7813333333	0	
0.7806666667	0	
0.78	0	
0.7793333333	0	
0.7786666667	0	
0.778	0	
0.7773333333	0	
0.7766666667	0	
0.776	0	
0.7753333333	0	
0.7746666667	0	
0.774	0	
0.7733333333	0	
0.7726666667	0	
0.772	0	
0.7713333333	0	
0.7706666667	0	
0.77	0	
0.7693333333	0	
0.7686666667	0	
0.768	0	
0.7673333333	0	
0.7666666667	0	
0.766	0	
0.7653333333	0	
0.7646666667	0	
0.764	0	
0.7633333333	0	
0.7626666667	0	
0.762	0	
0.7613333333	0	
0.7606666667	0	
0.76	0	
0.7593333333	0	
0.7586666667	0	
0.758	0	
0.7573333333	0	
0.7566666667	0	
0.756	0	
0.7553333333	0	
0.7546666667	0	
0.754	0	
0.7533333333	0	
0.7526666667	0	
0.752	0	
0.7513333333	0	
0.7506666667	0	
0.75	0	
0.7493333333	0	
0.7486666667	0	
0.748	0	
0.7473333333	0	
0.7466666667	0	
0.746	0	
0.7453333333	0	
0.7446666667	0	
0.744	0	
0.7433333333	0	
0.7426666667	0	
0.742	0	
0.7413333333	0	
0.7406666667	0	
0.74	0	
0.7393333333	0	
0.7386666667	0	
0.738	0	
0.7373333333	0	
0.7366666667	0	
0.736	0	
0.7353333333	0	
0.7346666667	0	
0.734	0	
0.7333333333	0	
0.7326666667	0	
0.732	0	
0.7313333333	0	
0.7306666667	0	
0.73	0	
0.7293333333	0	
0.7286666667	0	
0.728	0	
0.7273333333	0	
0.7266666667	0	
0.726	0	
0.7253333333	0	
0.7246666667	0	
0.724	0	
0.7233333333	0	
0.7226666667	0	
0.722	0	
0.7213333333	0	
0.7206666667	0	
0.72	0	
0.7193333333	0	
0.7186666667	0	
0.718	0	
0.7173333333	0	
0.7166666667	0	
0.716	0	
0.7153333333	0	
0.7146666667	0	
0.714	0	
0.7133333333	0	
0.7126666667	0	
0.712	0	
0.7113333333	0	
0.7106666667	0	
0.71	0	
0.7093333333	0	
0.7086666667	0	
0.708	0	
0.7073333333	0	
0.7066666667	0	
0.706	0	
0.7053333333	0	
0.7046666667	0	
0.704	0	
0.7033333333	0	
0.7026666667	0	
0.702	0	
0.7013333333	0	
0.7006666667	0	
0.6993333333	0	
0.6986666667	0	
0.698	0	
0.6973333333	0	
0.6966666667	0	
0.696	0	
0.6953333333	0	
0.6946666667	0	
0.694	0	
0.6933333333	0	
0.6926666667	0	
0.692	0	
0.6913333333	0	
0.6906666667	0	
0.69	0	
0.6893333333	0	
0.6886666667	0	
0.688	0	
0.6873333333	0	
0.6866666667	0	
0.686	0	
0.6853333333	0	
0.6846666667	0	
0.684	0	
0.6833333333	0	
0.6826666667	0	
0.682	0	
0.6813333333	0	
0.6806666667	0	
0.68	0	
0.6793333333	0	
0.6786666667	0	
0.678	0	
0.6773333333	0	
0.6766666667	0	
0.676	0	
0.6753333333	0	
0.6746666667	0	
0.674	0	
0.6733333333	0	
0.6726666667	0	
0.672	0	
0.6713333333	0	
0.6706666667	0	
0.67	0	
0.6693333333	0	
0.6686666667	0	
0.668	0	
0.6673333333	0	
0.6666666667	0	
0.666	0	
0.6653333333	0	
0.6646666667	0	
0.664	0	
0.6633333333	0	
0.6626666667	0	
0.662	0	
0.6613333333	0	
0.6606666667	0	
0.66	0	
0.6593333333	0	
0.6586666667	0	
0.658	0	
0.6573333333	0	
0.6566666667	0	
0.656	0	
0.6553333333	0	
0.6546666667	0	
0.654	0	
0.6533333333	0	
0.6526666667	0	
0.652	0	
0.6513333333	0	
0.6506666667	0	
0.65	0	
0.6493333333	0	
0.6486666667	0	
0.648	0	
0.6473333333	0	
0.6466666667	0	
0.646	0	
0.6453333333	0	
0.6446666667	0	
0.644	0	
0.6433333333	0	
0.6426666667	0	
0.642	0	
0.6413333333	0	
0.6406666667	0	
0.64	0	
0.6393333333	0	
0.6386666667	0	
0.638	0	
0.6373333333	0	
0.6366666667	0	
0.636	0	
0.6353333333	0	
0.6346666667	0	
0.634	0	
0.6333333333	0	
0.6326666667	0	
0.632	0	
0.6313333333	0	
0.6306666667	0	
0.63	0	
0.6293333333	0	
0.6286666667	0	
0.628	0	
0.6273333333	0	
0.6266666667	0	
0.626	0	
0.6253333333	0	
0.6246666667	0	
0.624	0	
0.6233333333	0	
0.6226666667	0	
0.622	0	
0.6213333333	0	
0.6206666667	0	
0.62	0	
0.6193333333	0	
0.6186666667	0	
0.618	0	
0.6173333333	0	
0.6166666667	0	
0.616	0	
0.6153333333	0	
0.6146666667	0	
0.614	0	
0.6133333333	0	
0.6126666667	0	
0.612	0	
0.6113333333	0	
0.6106666667	0	
0.61	0	
0.6093333333	0	
0.6086666667	0	
0.608	0	
0.6073333333	0	
0.6066666667	0	
0.606	0	
0.6053333333	0	
0.6046666667	0	
0.604	0	
0.6033333333	0	
0.6026666667	0	
0.602	0	
0.6013333333	0	
0.6006666667	0	
0.5993333333	0	
0.5986666667	0	
0.598	0	
0.5973333333	0	
0.5966666667	0	
0.596	0	
0.5953333333	0	
0.5946666667	0	
0.594	0	
0.5933333333	0	
0.5926666667	0	
0.592	0	
0.5913333333	0	
0.5906666667	0	
0.59	0	
0.5893333333	0	
0.5886666667	0	
0.588	0	
0.5873333333	0	
0.5866666667	0	
0.586	0	
0.5853333333	0	
0.5846666667	0	
0.584	0	
0.5833333333	0	
0.5826666667	0	
0.582	0	
0.5813333333	0	
0.5806666667	0	
0.58	0	
0.5793333333	0	
0.5786666667	0	
0.578	0	
0.5773333333	0	
0.5766666667	0	
0.576	0	
0.5753333333	0	
0.5746666667	0	
0.574	0	
0.5733333333	0	
0.5726666667	0	
0.572	0	
0.5713333333	0	
0.5706666667	0	
0.57	0	
0.5693333333	0	
0.5686666667	0	
0.568	0	
0.5673333333	0	
0.5666666667	0	
0.566	0	
0.5653333333	0	
0.5646666667	0	
0.564	0	
0.5633333333	0	
0.5626666667	0	
0.562	0	
0.5613333333	0	
0.5606666667	0	
0.56	0	
0.5593333333	0	
0.5586666667	0	
0.558	0	
0.5573333333	0	
0.5566666667	0	
0.556	0	
0.5553333333	0	
0.5546666667	0	
0.554	0	
0.5533333333	0	
0.5526666667	0	
0.552	0	
0.5513333333	0	
0.5506666667	0	
0.55	0	
0.5493333333	0	
0.5486666667	0	
0.548	0	
0.5473333333	0	
0.5466666667	0	
0.546	0	
0.5453333333	0	
0.5446666667	0	
0.544	0	
0.5433333333	0	
0.5426666667	0	
0.542	0	
0.5413333333	0	
0.5406666667	0	
0.54	0	
0.5393333333	0	
0.5386666667	0	
0.538	0	
0.5373333333	0	
0.5366666667	0	
0.536	0	
0.5353333333	0	
0.5346666667	0	
0.534	0	
0.5333333333	0	
0.5326666667	0	
0.532	0	
0.5313333333	0	
0.5306666667	0	
0.53	0	
0.5293333333	0	
0.5286666667	0	
0.528	0	
0.5273333333	0	
0.5266666667	0	
0.526	0	
0.5253333333	0	
0.5246666667	0	
0.524	0	
0.5233333333	0	
0.5226666667	0	
0.522	0	
0.5213333333	0	
0.5206666667	0	
0.52	0	
0.5193333333	0	
0.5186666667	0	
0.518	0	
0.5173333333	0	
0.5166666667	0	
0.516	0	
0.5153333333	0	
0.5146666667	0	
0.514	0	
0.5133333333	0	
0.5126666667	0	
0.512	0	
0.5113333333	0	
0.5106666667	0	
0.51	0	
0.5093333333	0	
0.5086666667	0	
0.508	0	
0.5073333333	0	
0.5066666667	0	
0.506	0	
0.5053333333	0	
0.5046666667	0	
0.504	0	
0.5033333333	0	
0.5026666667	0	
0.502	0	
0.5013333333	0	
0.5006666667	0	
0.4993333333	0	
0.4986666667	0	
0.498	0	
0.4973333333	0	
0.4966666667	0	
0.496	0	
0.4953333333	0	
0.4946666667	0	
0.494	0	
0.4933333333	0	
0.4926666667	0	
0.492	0	
0.4913333333	0	
0.4906666667	0	
0.49	0	
0.4893333333	0	
0.4886666667	0	
0.488	0	
0.4873333333	0	
0.4866666667	0	
0.486	0	
0.4853333333	0	
0.4846666667	0	
0.484	0	
0.4833333333	0	
0.4826666667	0	
0.482	0	
0.4813333333	0	
0.4806666667	0	
0.48	0	
0.4793333333	0	
0.4786666667	0	
0.478	0	
0.4773333333	0	
0.4766666667	0	
0.476	0	
0.4753333333	0	
0.4746666667	0	
0.474	0	
0.4733333333	0	
0.4726666667	0	
0.472	0	
0.4713333333	0	
0.4706666667	0	
0.47	0	
0.4693333333	0	
0.4686666667	0	
0.468	0	
0.4673333333	0	
0.4666666667	0	
0.466	0	
0.4653333333	0	
0.4646666667	0	
0.464	0	
0.4633333333	0	
0.4626666667	0	
0.462	0	
0.4613333333	0	
0.4606666667	0	
0.46	0	
0.4593333333	0	
0.4586666667	0	
0.458	0	
0.4573333333	0	
0.4566666667	0	
0.456	0	
0.4553333333	0	
0.4546666667	0	
0.454	0	
0.4533333333	0	
0.4526666667	0	
0.452	0	
0.4513333333	0	
0.4506666667	0	
0.45	0	
0.4493333333	0	
0.4486666667	0	
0.448	0	
0.4473333333	0	
0.4466666667	0	
0.446	0	
0.4453333333	0	
0.4446666667	0	
0.444	0	
0.4433333333	0	
0.4426666667	0	
0.442	0	
0.4413333333	0	
0.4406666667	0	
0.44	0	
0.4393333333	0	
0.4386666667	0	
0.438	0	
0.4373333333	0	
0.4366666667	0	
0.436	0	
0.4353333333	0	
0.4346666667	0	
0.434	0	
0.4333333333	0	
0.4326666667	0	
0.432	0	
0.4313333333	0	
0.4306666667	0	
0.43	0	
0.4293333333	0	
0.4286666667	0	
0.428	0	
0.4273333333	0	
0.4266666667	0	
0.426	0	
0.4253333333	0	
0.4246666667	0	
0.424	0	
0.4233333333	0	
0.4226666667	0	
0.422	0	
0.4213333333	0	
0.4206666667	0	
0.42	0	
0.4193333333	0	
0.4186666667	0	
0.418	0	
0.4173333333	0	
0.4166666667	0	
0.416	0	
0.4153333333	0	
0.4146666667	0	
0.414	0	
0.4133333333	0	
0.4126666667	0	
0.412	0	
0.4113333333	0	
0.4106666667	0	
0.41	0	
0.4093333333	0	
0.4086666667	0	
0.408	0	
0.4073333333	0	
0.4066666667	0	
0.406	0	
0.4053333333	0	
0.4046666667	0	
0.404	0	
0.4033333333	0	
0.4026666667	0	
0.402	0	
0.4013333333	0	
0.4006666667	0	
0.3993333333	0	
0.3986666667	0	
0.398	0	
0.3973333333	0	
0.3966666667	0	
0.396	0	
0.3953333333	0	
0.3946666667	0	
0.394	0	
0.3933333333	0	
0.3926666667	0	
0.392	0	
0.3913333333	0	
0.3906666667	0	
0.39	0	
0.3893333333	0	
0.3886666667	0	
0.388	0	
0.3873333333	0	
0.3866666667	0	
0.386	0	
0.3853333333	0	
0.3846666667	0	
0.384	0	
0.3833333333	0	
0.3826666667	0	
0.382	0	
0.3813333333	0	
0.3806666667	0	
0.38	0	
0.3793333333	0	
0.3786666667	0	
0.378	0	
0.3773333333	0	
0.3766666667	0	
0.376	0	
0.3753333333	0	
0.3746666667	0	
0.374	0	
0.3733333333	0	
0.3726666667	0	
0.372	0	
0.3713333333	0	
0.3706666667	0	
0.37	0	
0.3693333333	0	
0.3686666667	0	
0.368	0	
0.3673333333	0	
0.3666666667	0	
0.366	0	
0.3653333333	0	
0.3646666667	0	
0.364	0	
0.3633333333	0	
0.3626666667	0	
0.362	0	
0.3613333333	0	
0.3606666667	0	
0.36	0	
0.3593333333	0	
0.3586666667	0	
0.358	0	
0.3573333333	0	
0.3566666667	0	
0.356	0	
0.3553333333	0	
0.3546666667	0	
0.354	0	
0.3533333333	0	
0.3526666667	0	
0.352	0	
0.3513333333	0	
0.3506666667	0	
0.35	0	
0.3493333333	0	
0.3486666667	0	
0.348	0	
0.3473333333	0	
0.3466666667	0	
0.346	0	
0.3453333333	0	
0.3446666667	0	
0.344	0	
0.3433333333	0	
0.3426666667	0	
0.342	0	
0.3413333333	0	
0.3406666667	0	
0.34	0	
0.3393333333	0	
0.3386666667	0	
0.338	0	
0.3373333333	0	
0.3366666667	0	
0.336	0	
0.3353333333	0	
0.3346666667	0	
0.334	0	
0.3333333333	0	
0.3326666667	0	
0.332	0	
0.3313333333	0	
0.3306666667	0	
0.33	0	
0.3293333333	0	
0.3286666667	0	
0.328	0	
0.3273333333	0	
0.3266666667	0	
0.326	0	
0.3253333333	0	
0.3246666667	0	
0.324	0	
0.3233333333	0	
0.3226666667	0	
0.322	0	
0.3213333333	0	
0.3206666667	0	
0.32	0	
0.3193333333	0	
0.3186666667	0	
0.318	0	
0.3173333333	0	
0.3166666667	0	
0.316	0	
0.3153333333	0	
0.3146666667	0	
0.314	0	
0.3133333333	0	
0.3126666667	0	
0.312	0	
0.3113333333	0	
0.3106666667	0	
0.31	0	
0.3093333333	0	
0.3086666667	0	
0.308	0	
0.3073333333	0	
0.3066666667	0	
0.306	0	
0.3053333333	0	
0.3046666667	0	
0.304	0	
0.3033333333	0	
0.3026666667	0	
0.302	0	
0.3013333333	0	
0.3006666667	0	
0.2993333333	0	
0.2986666667	0	
0.298	0	
0.2973333333	0	
0.2966666667	0	
0.296	0	
0.2953333333	0	
0.2946666667	0	
0.294	0	
0.2933333333	0	
0.2926666667	0	
0.292	0	
0.2913333333	0	
0.2906666667	0	
0.29	0	
0.2893333333	0	
0.2886666667	0	
0.288	0	
0.2873333333	0	
0.2866666667	0	
0.286	0	
0.2853333333	0	
0.2846666667	0	
0.284	0	
0.2833333333	0	
0.2826666667	0	
0.282	0	
0.2813333333	0	
0.2806666667	0	
0.28	0	
0.2793333333	0	
0.2786666667	0	
0.278	0	
0.2773333333	0	
0.2766666667	0	
0.276	0	
0.2753333333	0	
0.2746666667	0	
0.274	0	
0.2733333333	0	
0.2726666667	0	
0.272	0	
0.2713333333	0	
0.2706666667	0	
0.27	0	
0.2693333333	0	
0.2686666667	0	
0.268	0	
0.2673333333	0	
0.2666666667	0	
0.266	0	
0.2653333333	0	
0.2646666667	0	
0.264	0	
0.2633333333	0	
0.2626666667	0	
0.262	0	
0.2613333333	0	
0.2606666667	0	
0.26	0	
0.2593333333	0	
0.2586666667	0	
0.258	0	
0.2573333333	0	
0.2566666667	0	
0.256	0	
0.2553333333	0	
0.2546666667	0	
0.254	0	
0.2533333333	0	
0.2526666667	0	
0.252	0	
0.2513333333	0	
0.2506666667	0	
0.25	0	
0.2493333333	0	
0.2486666667	0	
0.248	0	
0.2473333333	0	
0.2466666667	0	
0.246	0	
0.2453333333	0	
0.2446666667	0	
0.244	0	
0.2433333333	0	
0.2426666667	0	
0.242	0	
0.2413333333	0	
0.2406666667	0	
0.24	0	
0.2393333333	0	
0.2386666667	0	
0.238	0	
0.2373333333	0	
0.2366666667	0	
0.236	0	
0.2353333333	0	
0.2346666667	0	
0.234	0	
0.2333333333	0	
0.2326666667	0	
0.232	0	
0.2313333333	0	
0.2306666667	0	
0.23	0	
0.2293333333	0	
0.2286666667	0	
0.228	0	
0.2273333333	0	
0.2266666667	0	
0.226	0	
0.2253333333	0	
0.2246666667	0	
0.224	0	
0.2233333333	0	
0.2226666667	0	
0.222	0	
0.2213333333	0	
0.2206666667	0	
0.22	0	
0.2193333333	0	
0.2186666667	0	
0.218	0	
0.2173333333	0	
0.2166666667	0	
0.216	0	
0.2153333333	0	
0.2146666667	0	
0.214	0	
0.2133333333	0	
0.2126666667	0	
0.212	0	
0.2113333333	0	
0.2106666667	0	
0.21	0	
0.2093333333	0	
0.2086666667	0	
0.208	0	
0.2073333333	0	
0.2066666667	0	
0.206	0	
0.2053333333	0	
0.2046666667	0	
0.204	0	
0.2033333333	0	
0.2026666667	0	
0.202	0	
0.2013333333	0	
0.2006666667	0	
0.1993333333	0	
0.1986666667	0	
0.198	0	
0.1973333333	0	
0.1966666667	0	
0.196	0	
0.1953333333	0	
0.1946666667	0	
0.194	0	
0.1933333333	0	
0.1926666667	0	
0.192	0	
0.1913333333	0	
0.1906666667	0	
0.19	0	
0.1893333333	0	
0.1886666667	0	
0.188	0	
0.1873333333	0	
0.1866666667	0	
0.186	0	
0.1853333333	0	
0.1846666667	0	
0.184	0	
0.1833333333	0	
0.1826666667	0	
0.182	0	
0.1813333333	0	
0.1806666667	0	
0.18	0	
0.1793333333	0	
0.1786666667	0	
0.178	0	
0.1773333333	0	
0.1766666667	0	
0.176	0	
0.1753333333	0	
0.1746666667	0	
0.174	0	
0.1733333333	0	
0.1726666667	0	
0.172	0	
0.1713333333	0	
0.1706666667	0	
0.17	0	
0.1693333333	0	
0.1686666667	0	
0.168	0	
0.1673333333	0	
0.1666666667	0	
0.166	0	
0.1653333333	0	
0.1646666667	0	
0.164	0	
0.1633333333	0	
0.1626666667	0	
0.162	0	
0.1613333333	0	
0.1606666667	0	
0.16	0	
0.1593333333	0	
0.1586666667	0	
0.158	0	
0.1573333333	0	
0.1566666667	0	
0.156	0	
0.1553333333	0	
0.1546666667	0	
0.154	0	
0.1533333333	0	
0.1526666667	0	
0.152	0	
0.1513333333	0	
0.1506666667	0	
0.15	0	
0.1493333333	0	
0.1486666667	0	
0.148	0	
0.1473333333	0	
0.1466666667	0	
0.146	0	
0.1453333333	0	
0.1446666667	0	
0.144	0	
0.1433333333	0	
0.1426666667	0	
0.142	0	
0.1413333333	0	
0.1406666667	0	
0.14	0	
0.1393333333	0	
0.1386666667	0	
0.138	0	
0.1373333333	0	
0.1366666667	0	
0.136	0	
0.1353333333	0	
0.1346666667	0	
0.134	0	
0.1333333333	0	
0.1326666667	0	
0.132	0	
0.1313333333	0	
0.1306666667	0	
0.13	0	
0.1293333333	0	
0.1286666667	0	
0.128	0	
0.1273333333	0	
0.1266666667	0	
0.126	0	
0.1253333333	0	
0.1246666667	0	
0.124	0	
0.1233333333	0	
0.1226666667	0	
0.122	0	
0.1213333333	0	
0.1206666667	0	
0.12	0	
0.1193333333	0	
0.1186666667	0	
0.118	0	
0.1173333333	0	
0.1166666667	0	
0.116	0	
0.1153333333	0	
0.1146666667	0	
0.114	0	
0.1133333333	0	
0.1126666667	0	
0.112	0	
0.1113333333	0	
0.1106666667	0	
0.11	0	
0.1093333333	0	
0.1086666667	0	
0.108	0	
0.1073333333	0	
0.1066666667	0	
0.106	0	
0.1053333333	0	
0.1046666667	0	
0.104	0	
0.1033333333	0	
0.1026666667	0	
0.102	0	
0.1013333333	0	
0.1006666667	0	
0.09933333333	0	
0.09866666667	0	
0.098	0	
0.09733333333	0	
0.09666666667	0	
0.096	0	
0.09533333333	0	
0.09466666667	0	
0.094	0	
0.09333333333	0	
0.09266666667	0	
0.092	0	
0.09133333333	0	
0.09066666667	0	
0.09	0	
0.08933333333	0	
0.08866666667	0	
0.088	0	
0.08733333333	0	
0.08666666667	0	
0.086	0	
0.08533333333	0	
0.08466666667	0	
0.084	0	
0.08333333333	0	
0.08266666667	0	
0.082	0	
0.08133333333	0	
0.08066666667	0	
0.08	0	
0.07933333333	0	
0.07866666667	0	
0.078	0	
0.07733333333	0	
0.07666666667	0	
0.076	0	
0.07533333333	0	
0.07466666667	0	
0.074	0	
0.07333333333	0	
0.07266666667	0	
0.072	0	
0.07133333333	0	
0.07066666667	0	
0.07	0	
0.06933333333	0	
0.06866666667	0	
0.068	0	
0.06733333333	0	
0.06666666667	0	
0.066	0	
0.06533333333	0	
0.06466666667	0	
0.064	0	
0.06333333333	0	
0.06266666667	0	
0.062	0	
0.06133333333	0	
0.06066666667	0	
0.06	0	
0.05933333333	0	
0.05866666667	0	
0.058	0	
0.05733333333	0	
0.05666666667	0	
0.056	0	
0.05533333333	0	
0.05466666667	0	
0.054	0	
0.05333333333	0	
0.05266666667	0	
0.052	0	
0.05133333333	0	
0.05066666667	0	
0.05	0	
0.04933333333	0	
0.04866666667	0	
0.048	0	
0.04733333333	0	
0.04666666667	0	
0.046	0	
0.04533333333	0	
0.04466666667	0	
0.044	0	
0.04333333333	0	
0.04266666667	0	
0.042	0	
0.04133333333	0	
0.04066666667	0	
0.04	0	
0.03933333333	0	
0.03866666667	0	
0.038	0	
0.03733333333	0	
0.03666666667	0	
0.036	0	
0.03533333333	0	
0.03466666667	0	
0.034	0	
0.03333333333	0	
0.03266666667	0	
0.032	0	
0.03133333333	0	
0.03066666667	0	
0.03	0	
0.02933333333	0	
0.02866666667	0	
0.028	0	
0.02733333333	0	
0.02666666667	0	
0.026	0	
0.02533333333	0	
0.02466666667	0	
0.024	0	
0.02333333333	0	
0.02266666667	0	
0.022	0	
0.02133333333	0	
0.02066666667	0	
0.02	0	
0.01933333333	0	
0.01866666667	0	
0.018	0	
0.01733333333	0	
0.01666666667	0	
0.016	0	
0.01533333333	0	
0.01466666667	0	
0.014	0	
0.01333333333	0	
0.01266666667	0	
0.012	0	
0.01133333333	0	
0.01066666667	0	
0.01	0	
0.009333333333	0	
0.008666666667	0	
0.008	0	
0.007333333333	0	
0.006666666667	0	
0.006	0	
0.005333333333	0	
0.004666666667	0	
0.004	0	
0.003333333333	0	
0.002666666667	0	
0.002	0	
0.001333333333	0	
0.0006666666667	0	
0	0	
0.0003333333333	0	
0.001	0	
0.001666666667	0	
0.002333333333	0	
0.003	0	
0.003666666667	0	
0.004333333333	0	
0.005	0	
0.005666666667	0	
0.006333333333	0	
0.007	0	
0.007666666667	0	
0.008333333333	0	
0.009	0	
0.009666666667	0	
0.01033333333	0	
0.011	0	
0.01166666667	0	
0.01233333333	0	
0.013	0	
0.01366666667	0	
0.01433333333	0	
0.015	0	
0.01566666667	0	
0.01633333333	0	
0.017	0	
0.01766666667	0	
0.01833333333	0	
0.019	0	
0.01966666667	0	
0.02033333333	0	
0.021	0	
0.02166666667	0	
0.02233333333	0	
0.023	0	
0.02366666667	0	
0.02433333333	0	
0.025	0	
0.02566666667	0	
0.02633333333	0	
0.027	0	
0.02766666667	0	
0.02833333333	0	
0.029	0	
0.02966666667	0	
0.03033333333	0	
0.031	0	
0.03166666667	0	
0.03233333333	0	
0.033	0	
0.03366666667	0	
0.03433333333	0	
0.035	0	
0.03566666667	0	
0.03633333333	0	
0.037	0	
0.03766666667	0	
0.03833333333	0	
0.039	0	
0.03966666667	0	
0.04033333333	0	
0.041	0	
0.04166666667	0	
0.04233333333	0	
0.043	0	
0.04366666667	0	
0.04433333333	0	
0.045	0	
0.04566666667	0	
0.04633333333	0	
0.047	0	
0.04766666667	0	
0.04833333333	0	
0.049	0	
0.04966666667	0	
0.05033333333	0	
0.051	0	
0.05166666667	0	
0.05233333333	0	
0.053	0	
0.05366666667	0	
0.05433333333	0	
0.055	0	
0.05566666667	0	
0.05633333333	0	
0.057	0	
0.05766666667	0	
0.05833333333	0	
0.059	0	
0.05966666667	0	
0.06033333333	0	
0.061	0	
0.06166666667	0	
0.06233333333	0	
0.063	0	
0.06366666667	0	
0.06433333333	0	
0.065	0	
0.06566666667	0	
0.06633333333	0	
0.067	0	
0.06766666667	0	
0.06833333333	0	
0.069	0	
0.06966666667	0	
0.07033333333	0	
0.071	0	
0.07166666667	0	
0.07233333333	0	
0.073	0	
0.07366666667	0	
0.07433333333	0	
0.075	0	
0.07566666667	0	
0.07633333333	0	
0.077	0	
0.07766666667	0	
0.07833333333	0	
0.079	0	
0.07966666667	0	
0.08033333333	0	
0.081	0	
0.08166666667	0	
0.08233333333	0	
0.083	0	
0.08366666667	0	
0.08433333333	0	
0.085	0	
0.08566666667	0	
0.08633333333	0	
0.087	0	
0.08766666667	0	
0.08833333333	0	
0.089	0	
0.08966666667	0	
0.09033333333	0	
0.091	0	
0.09166666667	0	
0.09233333333	0	
0.093	0	
0.09366666667	0	
0.09433333333	0	
0.095	0	
0.09566666667	0	
0.09633333333	0	
0.097	0	
0.09766666667	0	
0.09833333333	0	
0.099	0	
0.09966666667	0	
0.1003333333	0	
0.101	0	
0.1016666667	0	
0.1023333333	0	
0.103	0	
0.1036666667	0	
0.1043333333	0	
0.105	0	
0.1056666667	0	
0.1063333333	0	
0.107	0	
0.1076666667	0	
0.1083333333	0	
0.109	0	
0.1096666667	0	
0.1103333333	0	
0.111	0	
0.1116666667	0	
0.1123333333	0	
0.113	0	
0.1136666667	0	
0.1143333333	0	
0.115	0	
0.1156666667	0	
0.1163333333	0	
0.117	0	
0.1176666667	0	
0.1183333333	0	
0.119	0	
0.1196666667	0	
0.1203333333	0	
0.121	0	
0.1216666667	0	
0.1223333333	0	
0.123	0	
0.1236666667	0	
0.1243333333	0	
0.125	0	
0.1256666667	0	
0.1263333333	0	
0.127	0	
0.1276666667	0	
0.1283333333	0	
0.129	0	
0.1296666667	0	
0.1303333333	0	
0.131	0	
0.1316666667	0	
0.1323333333	0	
0.133	0	
0.1336666667	0	
0.1343333333	0	
0.135	0	
0.1356666667	0	
0.1363333333	0	
0.137	0	
0.1376666667	0	
0.1383333333	0	
0.139	0	
0.1396666667	0	
0.1403333333	0	
0.141	0	
0.1416666667	0	
0.1423333333	0	
0.143	0	
0.1436666667	0	
0.1443333333	0	
0.145	0	
0.1456666667	0	
0.1463333333	0	
0.147	0	
0.1476666667	0	
0.1483333333	0	
0.149	0	
0.1496666667	0	
0.1503333333	0	
0.151	0	
0.1516666667	0	
0.1523333333	0	
0.153	0	
0.1536666667	0	
0.1543333333	0	
0.155	0	
0.1556666667	0	
0.1563333333	0	
0.157	0	
0.1576666667	0	
0.1583333333	0	
0.159	0	
0.1596666667	0	
0.1603333333	0	
0.161	0	
0.1616666667	0	
0.1623333333	0	
0.163	0	
0.1636666667	0	
0.1643333333	0	
0.165	0	
0.1656666667	0	
0.1663333333	0	
0.167	0	
0.1676666667	0	
0.1683333333	0	
0.169	0	
0.1696666667	0	
0.1703333333	0	
0.171	0	
0.1716666667	0	
0.1723333333	0	
0.173	0	
0.1736666667	0	
0.1743333333	0	
0.175	0	
0.1756666667	0	
0.1763333333	0	
0.177	0	
0.1776666667	0	
0.1783333333	0	
0.179	0	
0.1796666667	0	
0.1803333333	0	
0.181	0	
0.1816666667	0	
0.1823333333	0	
0.183	0	
0.1836666667	0	
0.1843333333	0	
0.185	0	
0.1856666667	0	
0.1863333333	0	
0.187	0	
0.1876666667	0	
0.1883333333	0	
0.189	0	
0.1896666667	0	
0.1903333333	0	
0.191	0	
0.1916666667	0	
0.1923333333	0	
0.193	0	
0.1936666667	0	
0.1943333333	0	
0.195	0	
0.1956666667	0	
0.1963333333	0	
0.197	0	
0.1976666667	0	
0.1983333333	0	
0.199	0	
0.1996666667	0	
0.2003333333	0	
0.201	0	
0.2016666667	0	
0.2023333333	0	
0.203	0	
0.2036666667	0	
0.2043333333	0	
0.205	0	
0.2056666667	0	
0.2063333333	0	
0.207	0	
0.2076666667	0	
0.2083333333	0	
0.209	0	
0.2096666667	0	
0.2103333333	0	
0.211	0	
0.2116666667	0	
0.2123333333	0	
0.213	0	
0.2136666667	0	
0.2143333333	0	
0.215	0	
0.2156666667	0	
0.2163333333	0	
0.217	0	
0.2176666667	0	
0.2183333333	0	
0.219	0	
0.2196666667	0	
0.2203333333	0	
0.221	0	
0.2216666667	0	
0.2223333333	0	
0.223	0	
0.2236666667	0	
0.2243333333	0	
0.225	0	
0.2256666667	0	
0.2263333333	0	
0.227	0	
0.2276666667	0	
0.2283333333	0	
0.229	0	
0.2296666667	0	
0.2303333333	0	
0.231	0	
0.2316666667	0	
0.2323333333	0	
0.233	0	
0.2336666667	0	
0.2343333333	0	
0.235	0	
0.2356666667	0	
0.2363333333	0	
0.237	0	
0.2376666667	0	
0.2383333333	0	
0.239	0	
0.2396666667	0	
0.2403333333	0	
0.241	0	
0.2416666667	0	
0.2423333333	0	
0.243	0	
0.2436666667	0	
0.2443333333	0	
0.245	0	
0.2456666667	0	
0.2463333333	0	
0.247	0	
0.2476666667	0	
0.2483333333	0	
0.249	0	
0.2496666667	0	
0.2503333333	0	
0.251	0	
0.2516666667	0	
0.2523333333	0	
0.253	0	
0.2536666667	0	
0.2543333333	0	
0.255	0	
0.2556666667	0	
0.2563333333	0	
0.257	0	
0.2576666667	0	
0.2583333333	0	
0.259	0	
0.2596666667	0	
0.2603333333	0	
0.261	0	
0.2616666667	0	
0.2623333333	0	
0.263	0	
0.2636666667	0	
0.2643333333	0	
0.265	0	
0.2656666667	0	
0.2663333333	0	
0.267	0	
0.2676666667	0	
0.2683333333	0	
0.269	0	
0.2696666667	0	
0.2703333333	0	
0.271	0	
0.2716666667	0	
0.2723333333	0	
0.273	0	
0.2736666667	0	
0.2743333333	0	
0.275	0	
0.2756666667	0	
0.2763333333	0	
0.277	0	
0.2776666667	0	
0.2783333333	0	
0.279	0	
0.2796666667	0	
0.2803333333	0	
0.281	0	
0.2816666667	0	
0.2823333333	0	
0.283	0	
0.2836666667	0	
0.2843333333	0	
0.285	0	
0.2856666667	0	
0.2863333333	0	
0.287	0	
0.2876666667	0	
0.2883333333	0	
0.289	0	
0.2896666667	0	
0.2903333333	0	
0.291	0	
0.2916666667	0	
0.2923333333	0	
0.293	0	
0.2936666667	0	
0.2943333333	0	
0.295	0	
0.2956666667	0	
0.2963333333	0	
0.297	0	
0.2976666667	0	
0.2983333333	0	
0.299	0	
0.2996666667	0	
0.3003333333	0	
0.301	0	
0.3016666667	0	
0.3023333333	0	
0.303	0	
0.3036666667	0	
0.3043333333	0	
0.305	0	
0.3056666667	0	
0.3063333333	0	
0.307	0	
0.3076666667	0	
0.3083333333	0	
0.309	0	
0.3096666667	0	
0.3103333333	0	
0.311	0	
0.3116666667	0	
0.3123333333	0	
0.313	0	
0.3136666667	0	
0.3143333333	0	
0.315	0	
0.3156666667	0	
0.3163333333	0	
0.317	0	
0.3176666667	0	
0.3183333333	0	
0.319	0	
0.3196666667	0	
0.3203333333	0	
0.321	0	
0.3216666667	0	
0.3223333333	0	
0.323	0	
0.3236666667	0	
0.3243333333	0	
0.325	0	
0.3256666667	0	
0.3263333333	0	
0.327	0	
0.3276666667	0	
0.3283333333	0	
0.329	0	
0.3296666667	0	
0.3303333333	0	
0.331	0	
0.3316666667	0	
0.3323333333	0	
0.333	0	
0.3336666667	0	
0.3343333333	0	
0.335	0	
0.3356666667	0	
0.3363333333	0	
0.337	0	
0.3376666667	0	
0.3383333333	0	
0.339	0	
0.3396666667	0	
0.3403333333	0	
0.341	0	
0.3416666667	0	
0.3423333333	0	
0.343	0	
0.3436666667	0	
0.3443333333	0	
0.345	0	
0.3456666667	0	
0.3463333333	0	
0.347	0	
0.3476666667	0	
0.3483333333	0	
0.349	0	
0.3496666667	0	
0.3503333333	0	
0.351	0	
0.3516666667	0	
0.3523333333	0	
0.353	0	
0.3536666667	0	
0.3543333333	0	
0.355	0	
0.3556666667	0	
0.3563333333	0	
0.357	0	
0.3576666667	0	
0.3583333333	0	
0.359	0	
0.3596666667	0	
0.3603333333	0	
0.361	0	
0.3616666667	0	
0.3623333333	0	
0.363	0	
0.3636666667	0	
0.3643333333	0	
0.365	0	
0.3656666667	0	
0.3663333333	0	
0.367	0	
0.3676666667	0	
0.3683333333	0	
0.369	0	
0.3696666667	0	
0.3703333333	0	
0.371	0	
0.3716666667	0	
0.3723333333	0	
0.373	0	
0.3736666667	0	
0.3743333333	0	
0.375	0	
0.3756666667	0	
0.3763333333	0	
0.377	0	
0.3776666667	0	
0.3783333333	0	
0.379	0	
0.3796666667	0	
0.3803333333	0	
0.381	0	
0.3816666667	0	
0.3823333333	0	
0.383	0	
0.3836666667	0	
0.3843333333	0	
0.385	0	
0.3856666667	0	
0.3863333333	0	
0.387	0	
0.3876666667	0	
0.3883333333	0	
0.389	0	
0.3896666667	0	
0.3903333333	0	
0.391	0	
0.3916666667	0	
0.3923333333	0	
0.393	0	
0.3936666667	0	
0.3943333333	0	
0.395	0	
0.3956666667	0	
0.3963333333	0	
0.397	0	
0.3976666667	0	
0.3983333333	0	
0.399	0	
0.3996666667	0	
0.4003333333	0	
0.401	0	
0.4016666667	0	
0.4023333333	0	
0.403	0	
0.4036666667	0	
0.4043333333	0	
0.405	0	
0.4056666667	0	
0.4063333333	0	
0.407	0	
0.4076666667	0	
0.4083333333	0	
0.409	0	
0.4096666667	0	
0.4103333333	0	
0.411	0	
0.4116666667	0	
0.4123333333	0	
0.413	0	
0.4136666667	0	
0.4143333333	0	
0.415	0	
0.4156666667	0	
0.4163333333	0	
0.417	0	
0.4176666667	0	
0.4183333333	0	
0.419	0	
0.4196666667	0	
0.4203333333	0	
0.421	0	
0.4216666667	0	
0.4223333333	0	
0.423	0	
0.4236666667	0	
0.4243333333	0	
0.425	0	
0.4256666667	0	
0.4263333333	0	
0.427	0	
0.4276666667	0	
0.4283333333	0	
0.429	0	
0.4296666667	0	
0.4303333333	0	
0.431	0	
0.4316666667	0	
0.4323333333	0	
0.433	0	
0.4336666667	0	
0.4343333333	0	
0.435	0	
0.4356666667	0	
0.4363333333	0	
0.437	0	
0.4376666667	0	
0.4383333333	0	
0.439	0	
0.4396666667	0	
0.4403333333	0	
0.441	0	
0.4416666667	0	
0.4423333333	0	
0.443	0	
0.4436666667	0	
0.4443333333	0	
0.445	0	
0.4456666667	0	
0.4463333333	0	
0.447	0	
0.4476666667	0	
0.4483333333	0	
0.449	0	
0.4496666667	0	
0.4503333333	0	
0.451	0	
0.4516666667	0	
0.4523333333	0	
0.453	0	
0.4536666667	0	
0.4543333333	0	
0.455	0	
0.4556666667	0	
0.4563333333	0	
0.457	0	
0.4576666667	0	
0.4583333333	0	
0.459	0	
0.4596666667	0	
0.4603333333	0	
0.461	0	
0.4616666667	0	
0.4623333333	0	
0.463	0	
0.4636666667	0	
0.4643333333	0	
0.465	0	
0.4656666667	0	
0.4663333333	0	
0.467	0	
0.4676666667	0	
0.4683333333	0	
0.469	0	
0.4696666667	0	
0.4703333333	0	
0.471	0	
0.4716666667	0	
0.4723333333	0	
0.473	0	
0.4736666667	0	
0.4743333333	0	
0.475	0	
0.4756666667	0	
0.4763333333	0	
0.477	0	
0.4776666667	0	
0.4783333333	0	
0.479	0	
0.4796666667	0	
0.4803333333	0	
0.481	0	
0.4816666667	0	
0.4823333333	0	
0.483	0	
0.4836666667	0	
0.4843333333	0	
0.485	0	
0.4856666667	0	
0.4863333333	0	
0.487	0	
0.4876666667	0	
0.4883333333	0	
0.489	0	
0.4896666667	0	
0.4903333333	0	
0.491	0	
0.4916666667	0	
0.4923333333	0	
0.493	0	
0.4936666667	0	
0.4943333333	0	
0.495	0	
0.4956666667	0	
0.4963333333	0	
0.497	0	
0.4976666667	0	
0.4983333333	0	
0.499	0	
0.4996666667	0	
0.5003333333	0	
0.501	0	
0.5016666667	0	
0.5023333333	0	
0.503	0	
0.5036666667	0	
0.5043333333	0	
0.505	0	
0.5056666667	0	
0.5063333333	0	
0.507	0	
0.5076666667	0	
0.5083333333	0	
0.509	0	
0.5096666667	0	
0.5103333333	0	
0.511	0	
0.5116666667	0	
0.5123333333	0	
0.513	0	
0.5136666667	0	
0.5143333333	0	
0.515	0	
0.5156666667	0	
0.5163333333	0	
0.517	0	
0.5176666667	0	
0.5183333333	0	
0.519	0	
0.5196666667	0	
0.5203333333	0	
0.521	0	
0.5216666667	0	
0.5223333333	0	
0.523	0	
0.5236666667	0	
0.5243333333	0	
0.525	0	
0.5256666667	0	
0.5263333333	0	
0.527	0	
0.5276666667	0	
0.5283333333	0	
0.529	0	
0.5296666667	0	
0.5303333333	0	
0.531	0	
0.5316666667	0	
0.5323333333	0	
0.533	0	
0.5336666667	0	
0.5343333333	0	
0.535	0	
0.5356666667	0	
0.5363333333	0	
0.537	0	
0.5376666667	0	
0.5383333333	0	
0.539	0	
0.5396666667	0	
0.5403333333	0	
0.541	0	
0.5416666667	0	
0.5423333333	0	
0.543	0	
0.5436666667	0	
0.5443333333	0	
0.545	0	
0.5456666667	0	
0.5463333333	0	
0.547	0	
0.5476666667	0	
0.5483333333	0	
0.549	0	
0.5496666667	0	
0.5503333333	0	
0.551	0	
0.5516666667	0	
0.5523333333	0	
0.553	0	
0.5536666667	0	
0.5543333333	0	
0.555	0	
0.5556666667	0	
0.5563333333	0	
0.557	0	
0.5576666667	0	
0.5583333333	0	
0.559	0	
0.5596666667	0	
0.5603333333	0	
0.561	0	
0.5616666667	0	
0.5623333333	0	
0.563	0	
0.5636666667	0	
0.5643333333	0	
0.565	0	
0.5656666667	0	
0.5663333333	0	
0.567	0	
0.5676666667	0	
0.5683333333	0	
0.569	0	
0.5696666667	0	
0.5703333333	0	
0.571	0	
0.5716666667	0	
0.5723333333	0	
0.573	0	
0.5736666667	0	
0.5743333333	0	
0.575	0	
0.5756666667	0	
0.5763333333	0	
0.577	0	
0.5776666667	0	
0.5783333333	0	
0.579	0	
0.5796666667	0	
0.5803333333	0	
0.581	0	
0.5816666667	0	
0.5823333333	0	
0.583	0	
0.5836666667	0	
0.5843333333	0	
0.585	0	
0.5856666667	0	
0.5863333333	0	
0.587	0	
0.5876666667	0	
0.5883333333	0	
0.589	0	
0.5896666667	0	
0.5903333333	0	
0.591	0	
0.5916666667	0	
0.5923333333	0	
0.593	0	
0.5936666667	0	
0.5943333333	0	
0.595	0	
0.5956666667	0	
0.5963333333	0	
0.597	0	
0.5976666667	0	
0.5983333333	0	
0.599	0	
0.5996666667	0	
0.6003333333	0	
0.601	0	
0.6016666667	0	
0.6023333333	0	
0.603	0	
0.6036666667	0	
0.6043333333	0	
0.605	0	
0.6056666667	0	
0.6063333333	0	
0.607	0	
0.6076666667	0	
0.6083333333	0	
0.609	0	
0.6096666667	0	
0.6103333333	0	
0.611	0	
0.6116666667	0	
0.6123333333	0	
0.613	0	
0.6136666667	0	
0.6143333333	0	
0.615	0	
0.6156666667	0	
0.6163333333	0	
0.617	0	
0.6176666667	0	
0.6183333333	0	
0.619	0	
0.6196666667	0	
0.6203333333	0	
0.621	0	
0.6216666667	0	
0.6223333333	0	
0.623	0	
0.6236666667	0	
0.6243333333	0	
0.625	0	
0.6256666667	0	
0.6263333333	0	
0.627	0	
0.6276666667	0	
0.6283333333	0	
0.629	0	
0.6296666667	0	
0.6303333333	0	
0.631	0	
0.6316666667	0	
0.6323333333	0	
0.633	0	
0.6336666667	0	
0.6343333333	0	
0.635	0	
0.6356666667	0	
0.6363333333	0	
0.637	0	
0.6376666667	0	
0.6383333333	0	
0.639	0	
0.6396666667	0	
0.6403333333	0	
0.641	0	
0.6416666667	0	
0.6423333333	0	
0.643	0	
0.6436666667	0	
0.6443333333	0	
0.645	0	
0.6456666667	0	
0.6463333333	0	
0.647	0	
0.6476666667	0	
0.6483333333	0	
0.649	0	
0.6496666667	0	
0.6503333333	0	
0.651	0	
0.6516666667	0	
0.6523333333	0	
0.653	0	
0.6536666667	0	
0.6543333333	0	
0.655	0	
0.6556666667	0	
0.6563333333	0	
0.657	0	
0.6576666667	0	
0.6583333333	0	
0.659	0	
0.6596666667	0	
0.6603333333	0	
0.661	0	
0.6616666667	0	
0.6623333333	0	
0.663	0	
0.6636666667	0	
0.6643333333	0	
0.665	0	
0.6656666667	0	
0.6663333333	0	
0.667	0	
0.6676666667	0	
0.6683333333	0	
0.669	0	
0.6696666667	0	
0.6703333333	0	
0.671	0	
0.6716666667	0	
0.6723333333	0	
0.673	0	
0.6736666667	0	
0.6743333333	0	
0.675	0	
0.6756666667	0	
0.6763333333	0	
0.677	0	
0.6776666667	0	
0.6783333333	0	
0.679	0	
0.6796666667	0	
0.6803333333	0	
0.681	0	
0.6816666667	0	
0.6823333333	0	
0.683	0	
0.6836666667	0	
0.6843333333	0	
0.685	0	
0.6856666667	0	
0.6863333333	0	
0.687	0	
0.6876666667	0	
0.6883333333	0	
0.689	0	
0.6896666667	0	
0.6903333333	0	
0.691	0	
0.6916666667	0	
0.6923333333	0	
0.693	0	
0.6936666667	0	
0.6943333333	0	
0.695	0	
0.6956666667	0	
0.6963333333	0	
0.697	0	
0.6976666667	0	
0.6983333333	0	
0.699	0	
0.6996666667	0	
0.7003333333	0	
0.701	0	
0.7016666667	0	
0.7023333333	0	
0.703	0	
0.7036666667	0	
0.7043333333	0	
0.705	0	
0.7056666667	0	
0.7063333333	0	
0.707	0	
0.7076666667	0	
0.7083333333	0	
0.709	0	
0.7096666667	0	
0.7103333333	0	
0.711	0	
0.7116666667	0	
0.7123333333	0	
0.713	0	
0.7136666667	0	
0.7143333333	0	
0.715	0	
0.7156666667	0	
0.7163333333	0	
0.717	0	
0.7176666667	0	
0.7183333333	0	
0.719	0	
0.7196666667	0	
0.7203333333	0	
0.721	0	
0.7216666667	0	
0.7223333333	0	
0.723	0	
0.7236666667	0	
0.7243333333	0	
0.725	0	
0.7256666667	0	
0.7263333333	0	
0.727	0	
0.7276666667	0	
0.7283333333	0	
0.729	0	
0.7296666667	0	
0.7303333333	0	
0.731	0	
0.7316666667	0	
0.7323333333	0	
0.733	0	
0.7336666667	0	
0.7343333333	0	
0.735	0	
0.7356666667	0	
0.7363333333	0	
0.737	0	
0.7376666667	0	
0.7383333333	0	
0.739	0	
0.7396666667	0	
0.7403333333	0	
0.741	0	
0.7416666667	0	
0.7423333333	0	
0.743	0	
0.7436666667	0	
0.7443333333	0	
0.745	0	
0.7456666667	0	
0.7463333333	0	
0.747	0	
0.7476666667	0	
0.7483333333	0	
0.749	0	
0.7496666667	0	
0.7503333333	0	
0.751	0	
0.7516666667	0	
0.7523333333	0	
0.753	0	
0.7536666667	0	
0.7543333333	0	
0.755	0	
0.7556666667	0	
0.7563333333	0	
0.757	0	
0.7576666667	0	
0.7583333333	0	
0.759	0	
0.7596666667	0	
0.7603333333	0	
0.761	0	
0.7616666667	0	
0.7623333333	0	
0.763	0	
0.7636666667	0	
0.7643333333	0	
0.765	0	
0.7656666667	0	
0.7663333333	0	
0.767	0	
0.7676666667	0	
0.7683333333	0	
0.769	0	
0.7696666667	0	
0.7703333333	0	
0.771	0	
0.7716666667	0	
0.7723333333	0	
0.773	0	
0.7736666667	0	
0.7743333333	0	
0.775	0	
0.7756666667	0	
0.7763333333	0	
0.777	0	
0.7776666667	0	
0.7783333333	0	
0.779	0	
0.7796666667	0	
0.7803333333	0	
0.781	0	
0.7816666667	0	
0.7823333333	0	
0.783	0	
0.7836666667	0	
0.7843333333	0	
0.785	0	
0.7856666667	0	
0.7863333333	0	
0.787	0	
0.7876666667	0	
0.7883333333	0	
0.789	0	
0.7896666667	0	
0.7903333333	0	
0.791	0	
0.7916666667	0	
0.7923333333	0	
0.793	0	
0.7936666667	0	
0.7943333333	0	
0.795	0	
0.7956666667	0	
0.7963333333	0	
0.797	0	
0.7976666667	0	
0.7983333333	0	
0.799	0	
0.7996666667	0	
0.8003333333	0	
0.801	0	
0.8016666667	0	
0.8023333333	0	
0.803	0	
0.8036666667	0	
0.8043333333	0	
0.805	0	
0.8056666667	0	
0.8063333333	0	
0.807	0	
0.8076666667	0	
0.8083333333	0	
0.809	0	
0.8096666667	0	
0.8103333333	0	
0.811	0	
0.8116666667	0	
0.8123333333	0	
0.813	0	
0.8136666667	0	
0.8143333333	0	
0.815	0	
0.8156666667	0	
0.8163333333	0	
0.817	0	
0.8176666667	0	
0.8183333333	0	
0.819	0	
0.8196666667	0	
0.8203333333	0	
0.821	0	
0.8216666667	0	
0.8223333333	0	
0.823	0	
0.8236666667	0	
0.8243333333	0	
0.825	0	
0.8256666667	0	
0.8263333333	0	
0.827	0	
0.8276666667	0	
0.8283333333	0	
0.829	0	
0.8296666667	0	
0.8303333333	0	
0.831	0	
0.8316666667	0	
0.8323333333	0	
0.833	0	
0.8336666667	0	
0.8343333333	0	
0.835	0	
0.8356666667	0	
0.8363333333	0	
0.837	0	
0.8376666667	0	
0.8383333333	0	
0.839	0	
0.8396666667	0	
0.8403333333	0	
0.841	0	
0.8416666667	0	
0.8423333333	0	
0.843	0	
0.8436666667	0	
0.8443333333	0	
0.845	0	
0.8456666667	0	
0.8463333333	0	
0.847	0	
0.8476666667	0	
0.8483333333	0	
0.849	0	
0.8496666667	0	
0.8503333333	0	
0.851	0	
0.8516666667	0	
0.8523333333	0	
0.853	0	
0.8536666667	0	
0.8543333333	0	
0.855	0	
0.8556666667	0	
0.8563333333	0	
0.857	0	
0.8576666667	0	
0.8583333333	0	
0.859	0	
0.8596666667	0	
0.8603333333	0	
0.861	0	
0.8616666667	0	
0.8623333333	0	
0.863	0	
0.8636666667	0	
0.8643333333	0	
0.865	0	
0.8656666667	0	
0.8663333333	0	
0.867	0	
0.8676666667	0	
0.8683333333	0	
0.869	0	
0.8696666667	0	
0.8703333333	0	
0.871	0	
0.8716666667	0	
0.8723333333	0	
0.873	0	
0.8736666667	0	
0.8743333333	0	
0.875	0	
0.8756666667	0	
0.8763333333	0	
0.877	0	
0.8776666667	0	
0.8783333333	0	
0.879	0	
0.8796666667	0	
0.8803333333	0	
0.881	0	
0.8816666667	0	
0.8823333333	0	
0.883	0	
0.8836666667	0	
0.8843333333	0	
0.885	0	
0.8856666667	0	
0.8863333333	0	
0.887	0	
0.8876666667	0	
0.8883333333	0	
0.889	0	
0.8896666667	0	
0.8903333333	0	
0.891	0	
0.8916666667	0	
0.8923333333	0	
0.893	0	
0.8936666667	0	
0.8943333333	0	
0.895	0	
0.8956666667	0	
0.8963333333	0	
0.897	0	
0.8976666667	0	
0.8983333333	0	
0.899	0	
0.8996666667	0	
0.9003333333	0	
0.901	0	
0.9016666667	0	
0.9023333333	0	
0.903	0	
0.9036666667	0	
0.9043333333	0	
0.905	0	
0.9056666667	0	
0.9063333333	0	
0.907	0	
0.9076666667	0	
0.9083333333	0	
0.909	0	
0.9096666667	0	
0.9103333333	0	
0.911	0	
0.9116666667	0	
0.9123333333	0	
0.913	0	
0.9136666667	0	
0.9143333333	0	
0.915	0	
0.9156666667	0	
0.9163333333	0	
0.917	0	
0.9176666667	0	
0.9183333333	0	
0.919	0	
0.9196666667	0	
0.9203333333	0	
0.921	0	
0.9216666667	0	
0.9223333333	0	
0.923	0	
0.9236666667	0	
0.9243333333	0	
0.925	0	
0.9256666667	0	
0.9263333333	0	
0.927	0	
0.9276666667	0	
0.9283333333	0	
0.929	0	
0.9296666667	0	
0.9303333333	0	
0.931	0	
0.9316666667	0	
0.9323333333	0	
0.933	0	
0.9336666667	0	
0.9343333333	0	
0.935	0	
0.9356666667	0	
0.9363333333	0	
0.937	0	
0.9376666667	0	
0.9383333333	0	
0.939	0	
0.9396666667	0	
0.9403333333	0	
0.941	0	
0.9416666667	0	
0.9423333333	0	
0.943	0	
0.9436666667	0	
0.9443333333	0	
0.945	0	
0.9456666667	0	
0.9463333333	0	
0.947	0	
0.9476666667	0	
0.9483333333	0	
0.949	0	
0.9496666667	0	
0.9503333333	0	
0.951	0	
0.9516666667	0	
0.9523333333	0	
0.953	0	
0.9536666667	0	
0.9543333333	0	
0.955	0	
0.9556666667	0	
0.9563333333	0	
0.957	0	
0.9576666667	0	
0.9583333333	0	
0.959	0	
0.9596666667	0	
0.9603333333	0	
0.961	0	
0.9616666667	0	
0.9623333333	0	
0.963	0	
0.9636666667	0	
0.9643333333	0	
0.965	0	
0.9656666667	0	
0.9663333333	0	
0.967	0	
0.9676666667	0	
0.9683333333	0	
0.969	0	
0.9696666667	0	
0.9703333333	0	
0.971	0	
0.9716666667	0	
0.9723333333	0	
0.973	0	
0.9736666667	0	
0.9743333333	0	
0.975	0	
0.9756666667	0	
0.9763333333	0	
0.977	0	
0.9776666667	0	
0.9783333333	0	
0.979	0	
0.9796666667	0	
0.9803333333	0	
0.981	0	
0.9816666667	0	
0.9823333333	0	
0.983	0	
0.9836666667	0	
0.9843333333	0	
0.985	0	
0.9856666667	0	
0.9863333333	0	
0.987	0	
0.9876666667	0	
0.9883333333	0	
0.989	0	
0.9896666667	0	
0.9903333333	0	
0.991	0	
0.9916666667	0	
0.9923333333	0	
0.993	0	
0.9936666667	0	
0.9943333333	0	
0.995	0	
0.9956666667	0	
0.9963333333	0	
0.997	0	
0.9976666667	0	
0.9983333333	0	
0.999	0	
0.9996666667	0