1.999999999	
1.979999999	
1.959999999	
1.939999999	
1.919999999	
1.899999999	
1.879999999	
1.859999999	
1.839999999	
1.819999999	
1.799999999	
1.779999999	
1.759999999	
1.739999999	
1.719999999	
1.699999999	
1.679999999	
1.659999999	
1.639999999	
1.619999999	
1.599999999	
1.579999999	
1.559999999	
1.539999999	
1.519999999	
1.499999999	
1.479999999	
1.459999999	
1.439999999	
1.419999999	
1.399999999	
1.379999999	
1.359999999	
1.339999999	
1.319999999	
1.299999999	
1.279999999	
1.259999999	
1.239999999	
1.219999999	
1.199999999	
1.179999999	
1.159999999	
1.139999999	
1.119999999	
1.099999999	
1.079999999	
1.059999999	
1.039999999	
1.019999999	
0.9999999992	
0.9799999992	
0.9599999992	
0.9399999992	
0.9199999992	
0.8999999992	
0.8799999992	
0.8599999992	
0.8399999992	
0.8199999992	
0.7999999992	
0.7799999992	
0.7599999992	
0.7399999992	
0.7199999992	
0.6999999992	
0.6799999992	
0.6599999992	
0.6399999992	
0.6199999992	
0.5999999992	
0.5799999992	
0.5599999992	
0.5399999992	
0.5199999992	
0.4999999992	
0.4799999992	
0.4599999992	
0.4399999992	
0.4199999992	
0.3999999992	
0.3799999992	
0.3599999992	
0.3399999992	
0.3199999992	
0.2999999992	
0.2799999992	
0.2599999992	
0.2399999992	
0.2199999992	
0.1999999992	
0.1799999992	
0.1599999992	
0.1399999992	
0.1199999992	
0.09999999924	
0.07999999924	
0.05999999924	
0.03999999924	
0.01999999924	
-7.644997101e-010	
0.009999999236	
0.02999999924	
0.04999999924	
0.06999999924	
0.08999999924	
0.1099999992	
0.1299999992	
0.1499999992	
0.1699999992	
0.1899999992	
0.2099999992	
0.2299999992	
0.2499999992	
0.2699999992	
0.2899999992	
0.3099999992	
0.3299999992	
0.3499999992	
0.3699999992	
0.3899999992	
0.4099999992	
0.4299999992	
0.4499999992	
0.4699999992	
0.4899999992	
0.5099999992	
0.5299999992	
0.5499999992	
0.5699999992	
0.5899999992	
0.6099999992	
0.6299999992	
0.6499999992	
0.6699999992	
0.6899999992	
0.7099999992	
0.7299999992	
0.7499999992	
0.7699999992	
0.7899999992	
0.8099999992	
0.8299999992	
0.8499999992	
0.8699999992	
0.8899999992	
0.9099999992	
0.9299999992	
0.9499999992	
0.9699999992	
0.9899999992	
1.009999999	
1.029999999	
1.049999999	
1.069999999	
1.089999999	
1.109999999	
1.129999999	
1.149999999	
1.169999999	
1.189999999	
1.209999999	
1.229999999	
1.249999999	
1.269999999	
1.289999999	
1.309999999	
1.329999999	
1.349999999	
1.369999999	
1.389999999	
1.409999999	
1.429999999	
1.449999999	
1.469999999	
1.489999999	
1.509999999	
1.529999999	
1.549999999	
1.569999999	
1.589999999	
1.609999999	
1.629999999	
1.649999999	
1.669999999	
1.689999999	
1.709999999	
1.729999999	
1.749999999	
1.769999999	
1.789999999	
1.809999999	
1.829999999	
1.849999999	
1.869999999	
1.889999999	
1.909999999	
1.929999999	
1.949999999	
1.969999999	
1.989999999	
