1	3.68	
0.88	3.64	
0.72	3.6	
0.52	3.52	
0.4	3.48	
0.36	3.48	
0.24	3.44	
0.04	3.36	
-2.492311912e-13	3.36	
-0.2	3.28	
-0.28	3.28	
-0.32	3.32	
-0.32	3.24	
-0.36	3.24	
-0.4	3.24	
-0.44	3.24	
-0.48	3.2	
-0.56	3.2	
-0.6	3.2	
-0.68	3.12	
-0.72	3.16	
-0.76	3.12	
-0.8	3.08	
-0.84	3.08	
-0.88	3.08	
-0.92	3.08	
-0.96	3.04	
-1.04	3.04	
-1.08	3.04	
-1.12	3	
-1.16	2.96	
-1.2	2.96	
-1.24	2.96	
-1.28	2.96	
-1.32	2.92	
-1.4	2.92	
-1.44	2.92	
-1.52	2.84	
-1.56	2.84	
-1.6	2.84	
-1.64	2.84	
-1.68	2.88	
-1.68	2.8	
-1.72	2.84	
-1.76	2.88	
-1.76	2.8	
-1.8	2.88	
-1.8	2.8	
-1.84	2.96	
-1.84	2.88	
-1.84	2.8	
-1.88	2.88	
-1.88	2.8	
-1.88	2.72	
-1.92	2.8	
-1.92	2.72	
-1.96	14.72	
-1.96	2.8	
-1.96	2.72	
-2	14.8	
-2	14.72	
-2	10.32	
-2	2.8	
-2	2.72	
-2.04	14.84	
-2.04	14.76	
-2.04	14.68	
-2.04	10.36	
-2.04	10.28	
-2.04	2.76	
-2.04	2.68	
-2.08	14.8	
-2.08	14.72	
-2.08	14.64	
-2.08	10.48	
-2.08	10.4	
-2.08	10.32	
-2.08	10.24	
-2.08	5.92	
-2.08	2.8	
-2.08	2.72	
-2.12	14.84	
-2.12	14.76	
-2.12	14.68	
-2.12	12.44	
-2.12	10.6	
-2.12	10.52	
-2.12	10.44	
-2.12	10.36	
-2.12	10.28	
-2.12	10.2	
-2.12	5.96	
-2.12	5.88	
-2.12	2.92	
-2.12	2.76	
-2.12	2.68	
-2.16	14.84	
-2.16	14.76	
-2.16	14.68	
-2.16	13.48	
-2.16	12.52	
-2.16	12.44	
-2.16	11.64	
-2.16	10.68	
-2.16	10.6	
-2.16	10.52	
-2.16	10.44	
-2.16	10.36	
-2.16	10.28	
-2.16	10.2	
-2.16	7.96	
-2.16	5.96	
-2.16	5.88	
-2.16	2.92	
-2.16	2.76	
-2.16	2.68	
-2.2	14.8	
-2.2	14.72	
-2.2	14.64	
-2.2	13.76	
-2.2	13.6	
-2.2	13.52	
-2.2	13.2	
-2.2	13.12	
-2.2	12.64	
-2.2	12.56	
-2.2	12.48	
-2.2	12.4	
-2.2	11.68	
-2.2	10.72	
-2.2	10.64	
-2.2	10.56	
-2.2	10.48	
-2.2	10.4	
-2.2	10.32	
-2.2	10.24	
-2.2	10.16	
-2.2	8.96	
-2.2	8.64	
-2.2	8	
-2.2	7.92	
-2.2	6	
-2.2	5.92	
-2.2	5.84	
-2.2	2.72	
-2.2	2.64	
-2.24	14.76	
-2.24	14.68	
-2.24	14.6	
-2.24	13.88	
-2.24	13.8	
-2.24	13.72	
-2.24	13.64	
-2.24	13.56	
-2.24	13.48	
-2.24	13.32	
-2.24	13.24	
-2.24	13.16	
-2.24	13.08	
-2.24	12.76	
-2.24	12.68	
-2.24	12.6	
-2.24	12.52	
-2.24	12.44	
-2.24	12.36	
-2.24	11.8	
-2.24	11.72	
-2.24	11.64	
-2.24	11.24	
-2.24	10.84	
-2.24	10.76	
-2.24	10.68	
-2.24	10.6	
-2.24	10.52	
-2.24	10.44	
-2.24	10.36	
-2.24	10.28	
-2.24	10.2	
-2.24	9.56	
-2.24	9.48	
-2.24	9.4	
-2.24	9.24	
-2.24	9	
-2.24	8.68	
-2.24	8.12	
-2.24	8.04	
-2.24	7.96	
-2.24	7.88	
-2.24	7.48	
-2.24	6.04	
-2.24	5.96	
-2.24	5.88	
-2.24	5.8	
-2.24	2.92	
-2.24	2.76	
-2.24	2.68	
-2.24	2.6	
-2.28	14.76	
-2.28	14.68	
-2.28	14.6	
-2.28	14.04	
-2.28	13.96	
-2.28	13.88	
-2.28	13.8	
-2.28	13.72	
-2.28	13.64	
-2.28	13.56	
-2.28	13.48	
-2.28	13.4	
-2.28	13.32	
-2.28	13.24	
-2.28	13.16	
-2.28	13.08	
-2.28	12.84	
-2.28	12.76	
-2.28	12.68	
-2.28	12.6	
-2.28	12.52	
-2.28	12.44	
-2.28	12.36	
-2.28	11.96	
-2.28	11.88	
-2.28	11.8	
-2.28	11.72	
-2.28	11.64	
-2.28	11.32	
-2.28	11.24	
-2.28	11.08	
-2.28	11	
-2.28	10.92	
-2.28	10.84	
-2.28	10.76	
-2.28	10.68	
-2.28	10.6	
-2.28	10.52	
-2.28	10.44	
-2.28	10.36	
-2.28	10.28	
-2.28	10.2	
-2.28	10.12	
-2.28	9.64	
-2.28	9.56	
-2.28	9.48	
-2.28	9.4	
-2.28	9.32	
-2.28	9.24	
-2.28	9.08	
-2.28	9	
-2.28	8.76	
-2.28	8.68	
-2.28	8.36	
-2.28	8.2	
-2.28	8.12	
-2.28	8.04	
-2.28	7.96	
-2.28	7.88	
-2.28	7.48	
-2.28	7.24	
-2.28	7.16	
-2.28	6.84	
-2.28	6.76	
-2.28	6.52	
-2.28	6.12	
-2.28	6.04	
-2.28	5.96	
-2.28	5.88	
-2.28	5.8	
-2.28	5.72	
-2.28	5.32	
-2.28	5	
-2.28	4.2	
-2.28	2.92	
-2.28	2.76	
-2.28	2.68	
-2.28	2.6	
-2.32	14.76	
-2.32	14.68	
-2.32	14.6	
-2.32	14.12	
-2.32	14.04	
-2.32	13.96	
-2.32	13.88	
-2.32	13.8	
-2.32	13.72	
-2.32	13.64	
-2.32	13.56	
-2.32	13.48	
-2.32	13.4	
-2.32	13.32	
-2.32	13.24	
-2.32	13.16	
-2.32	13.08	
-2.32	13	
-2.32	12.92	
-2.32	12.84	
-2.32	12.76	
-2.32	12.68	
-2.32	12.6	
-2.32	12.52	
-2.32	12.44	
-2.32	12.36	
-2.32	12.04	
-2.32	11.96	
-2.32	11.88	
-2.32	11.8	
-2.32	11.72	
-2.32	11.64	
-2.32	11.4	
-2.32	11.32	
-2.32	11.24	
-2.32	11.16	
-2.32	11.08	
-2.32	11	
-2.32	10.92	
-2.32	10.84	
-2.32	10.76	
-2.32	10.68	
-2.32	10.6	
-2.32	10.52	
-2.32	10.44	
-2.32	10.36	
-2.32	10.28	
-2.32	10.2	
-2.32	10.12	
-2.32	9.72	
-2.32	9.64	
-2.32	9.56	
-2.32	9.48	
-2.32	9.4	
-2.32	9.32	
-2.32	9.24	
-2.32	9.16	
-2.32	9.08	
-2.32	9	
-2.32	8.84	
-2.32	8.76	
-2.32	8.68	
-2.32	8.6	
-2.32	8.36	
-2.32	8.2	
-2.32	8.12	
-2.32	8.04	
-2.32	7.96	
-2.32	7.88	
-2.32	7.56	
-2.32	7.48	
-2.32	7.32	
-2.32	7.24	
-2.32	7.16	
-2.32	7.08	
-2.32	6.92	
-2.32	6.84	
-2.32	6.76	
-2.32	6.6	
-2.32	6.52	
-2.32	6.2	
-2.32	6.12	
-2.32	6.04	
-2.32	5.96	
-2.32	5.88	
-2.32	5.8	
-2.32	5.72	
-2.32	5.32	
-2.32	5.24	
-2.32	5.16	
-2.32	5	
-2.32	4.92	
-2.32	4.76	
-2.32	4.6	
-2.32	4.36	
-2.32	4.28	
-2.32	4.2	
-2.32	3.72	
-2.32	3.56	
-2.32	3.08	
-2.32	2.92	
-2.32	2.84	
-2.32	2.76	
-2.32	2.68	
-2.32	2.6	
-2.36	14.76	
-2.36	14.68	
-2.36	14.6	
-2.36	14.28	
-2.36	14.2	
-2.36	14.12	
-2.36	14.04	
-2.36	13.96	
-2.36	13.88	
-2.36	13.8	
-2.36	13.72	
-2.36	13.64	
-2.36	13.56	
-2.36	13.48	
-2.36	13.4	
-2.36	13.32	
-2.36	13.24	
-2.36	13.16	
-2.36	13.08	
-2.36	13	
-2.36	12.92	
-2.36	12.84	
-2.36	12.76	
-2.36	12.68	
-2.36	12.6	
-2.36	12.52	
-2.36	12.44	
-2.36	12.36	
-2.36	12.12	
-2.36	12.04	
-2.36	11.96	
-2.36	11.88	
-2.36	11.8	
-2.36	11.72	
-2.36	11.64	
-2.36	11.56	
-2.36	11.48	
-2.36	11.4	
-2.36	11.32	
-2.36	11.24	
-2.36	11.16	
-2.36	11.08	
-2.36	11	
-2.36	10.92	
-2.36	10.84	
-2.36	10.76	
-2.36	10.68	
-2.36	10.6	
-2.36	10.52	
-2.36	10.44	
-2.36	10.36	
-2.36	10.28	
-2.36	10.2	
-2.36	10.12	
-2.36	9.8	
-2.36	9.72	
-2.36	9.64	
-2.36	9.56	
-2.36	9.48	
-2.36	9.4	
-2.36	9.32	
-2.36	9.24	
-2.36	9.16	
-2.36	9.08	
-2.36	9	
-2.36	8.92	
-2.36	8.84	
-2.36	8.76	
-2.36	8.68	
-2.36	8.6	
-2.36	8.44	
-2.36	8.36	
-2.36	8.28	
-2.36	8.2	
-2.36	8.12	
-2.36	8.04	
-2.36	7.96	
-2.36	7.88	
-2.36	7.8	
-2.36	7.64	
-2.36	7.56	
-2.36	7.48	
-2.36	7.4	
-2.36	7.32	
-2.36	7.24	
-2.36	7.16	
-2.36	7.08	
-2.36	6.92	
-2.36	6.84	
-2.36	6.76	
-2.36	6.6	
-2.36	6.52	
-2.36	6.44	
-2.36	6.36	
-2.36	6.28	
-2.36	6.2	
-2.36	6.12	
-2.36	6.04	
-2.36	5.96	
-2.36	5.88	
-2.36	5.8	
-2.36	5.72	
-2.36	5.64	
-2.36	5.4	
-2.36	5.32	
-2.36	5.24	
-2.36	5.16	
-2.36	5.08	
-2.36	5	
-2.36	4.92	
-2.36	4.76	
-2.36	4.6	
-2.36	4.52	
-2.36	4.36	
-2.36	4.28	
-2.36	4.2	
-2.36	3.88	
-2.36	3.72	
-2.36	3.64	
-2.36	3.56	
-2.36	3.48	
-2.36	3.08	
-2.36	2.92	
-2.36	2.76	
-2.36	2.68	
-2.36	2.6	
-2.4	14.8	
-2.4	14.72	
-2.4	14.64	
-2.4	14.56	
-2.4	14.4	
-2.4	14.32	
-2.4	14.24	
-2.4	14.16	
-2.4	14.08	
-2.4	14	
-2.4	13.92	
-2.4	13.84	
-2.4	13.76	
-2.4	13.68	
-2.4	13.6	
-2.4	13.52	
-2.4	13.44	
-2.4	13.36	
-2.4	13.28	
-2.4	13.2	
-2.4	13.12	
-2.4	13.04	
-2.4	12.96	
-2.4	12.88	
-2.4	12.8	
-2.4	12.72	
-2.4	12.64	
-2.4	12.56	
-2.4	12.48	
-2.4	12.4	
-2.4	12.32	
-2.4	12.24	
-2.4	12.16	
-2.4	12.08	
-2.4	12	
-2.4	11.92	
-2.4	11.84	
-2.4	11.76	
-2.4	11.68	
-2.4	11.6	
-2.4	11.52	
-2.4	11.44	
-2.4	11.36	
-2.4	11.28	
-2.4	11.2	
-2.4	11.12	
-2.4	11.04	
-2.4	10.96	
-2.4	10.88	
-2.4	10.8	
-2.4	10.72	
-2.4	10.64	
-2.4	10.56	
-2.4	10.48	
-2.4	10.4	
-2.4	10.32	
-2.4	10.24	
-2.4	10.16	
-2.4	10.08	
-2.4	9.84	
-2.4	9.76	
-2.4	9.68	
-2.4	9.6	
-2.4	9.52	
-2.4	9.44	
-2.4	9.36	
-2.4	9.28	
-2.4	9.2	
-2.4	9.12	
-2.4	9.04	
-2.4	8.96	
-2.4	8.88	
-2.4	8.8	
-2.4	8.72	
-2.4	8.64	
-2.4	8.56	
-2.4	8.48	
-2.4	8.4	
-2.4	8.32	
-2.4	8.24	
-2.4	8.16	
-2.4	8.08	
-2.4	8	
-2.4	7.92	
-2.4	7.84	
-2.4	7.68	
-2.4	7.6	
-2.4	7.52	
-2.4	7.44	
-2.4	7.36	
-2.4	7.28	
-2.4	7.2	
-2.4	7.12	
-2.4	6.96	
-2.4	6.88	
-2.4	6.8	
-2.4	6.72	
-2.4	6.64	
-2.4	6.56	
-2.4	6.48	
-2.4	6.4	
-2.4	6.32	
-2.4	6.24	
-2.4	6.16	
-2.4	6.08	
-2.4	6	
-2.4	5.92	
-2.4	5.84	
-2.4	5.76	
-2.4	5.68	
-2.4	5.6	
-2.4	5.44	
-2.4	5.36	
-2.4	5.28	
-2.4	5.2	
-2.4	5.12	
-2.4	5.04	
-2.4	4.96	
-2.4	4.88	
-2.4	4.8	
-2.4	4.72	
-2.4	4.64	
-2.4	4.56	
-2.4	4.48	
-2.4	4.4	
-2.4	4.32	
-2.4	4.24	
-2.4	4.16	
-2.4	4.08	
-2.4	4	
-2.4	3.92	
-2.4	3.84	
-2.4	3.76	
-2.4	3.68	
-2.4	3.6	
-2.4	3.52	
-2.4	3.44	
-2.4	3.2	
-2.4	3.12	
-2.4	3.04	
-2.4	2.96	
-2.4	2.8	
-2.4	2.72	
-2.4	2.64	
-2.4	2.56	
-2.44	14.76	
-2.44	14.68	
-2.44	14.6	
-2.44	14.52	
-2.44	14.44	
-2.44	14.36	
-2.44	14.28	
-2.44	14.2	
-2.44	14.12	
-2.44	14.04	
-2.44	13.96	
-2.44	13.88	
-2.44	13.8	
-2.44	13.72	
-2.44	13.64	
-2.44	13.56	
-2.44	13.48	
-2.44	13.4	
-2.44	13.32	
-2.44	13.24	
-2.44	13.16	
-2.44	13.08	
-2.44	13	
-2.44	12.92	
-2.44	12.84	
-2.44	12.76	
-2.44	12.68	
-2.44	12.6	
-2.44	12.52	
-2.44	12.44	
-2.44	12.36	
-2.44	12.28	
-2.44	12.2	
-2.44	12.12	
-2.44	12.04	
-2.44	11.96	
-2.44	11.88	
-2.44	11.8	
-2.44	11.72	
-2.44	11.64	
-2.44	11.56	
-2.44	11.48	
-2.44	11.4	
-2.44	11.32	
-2.44	11.24	
-2.44	11.16	
-2.44	11.08	
-2.44	11	
-2.44	10.92	
-2.44	10.84	
-2.44	10.76	
-2.44	10.68	
-2.44	10.6	
-2.44	10.52	
-2.44	10.44	
-2.44	10.36	
-2.44	10.28	
-2.44	10.2	
-2.44	10.12	
-2.44	10.04	
-2.44	9.96	
-2.44	9.88	
-2.44	9.8	
-2.44	9.72	
-2.44	9.64	
-2.44	9.56	
-2.44	9.48	
-2.44	9.4	
-2.44	9.32	
-2.44	9.24	
-2.44	9.16	
-2.44	9.08	
-2.44	9	
-2.44	8.92	
-2.44	8.84	
-2.44	8.76	
-2.44	8.68	
-2.44	8.6	
-2.44	8.52	
-2.44	8.44	
-2.44	8.36	
-2.44	8.28	
-2.44	8.2	
-2.44	8.12	
-2.44	8.04	
-2.44	7.96	
-2.44	7.88	
-2.44	7.8	
-2.44	7.72	
-2.44	7.64	
-2.44	7.56	
-2.44	7.48	
-2.44	7.4	
-2.44	7.32	
-2.44	7.24	
-2.44	7.16	
-2.44	7.08	
-2.44	7	
-2.44	6.92	
-2.44	6.84	
-2.44	6.76	
-2.44	6.68	
-2.44	6.6	
-2.44	6.52	
-2.44	6.44	
-2.44	6.36	
-2.44	6.28	
-2.44	6.2	
-2.44	6.12	
-2.44	6.04	
-2.44	5.96	
-2.44	5.88	
-2.44	5.8	
-2.44	5.72	
-2.44	5.64	
-2.44	5.56	
-2.44	5.48	
-2.44	5.4	
-2.44	5.32	
-2.44	5.24	
-2.44	5.16	
-2.44	5.08	
-2.44	5	
-2.44	4.92	
-2.44	4.84	
-2.44	4.76	
-2.44	4.68	
-2.44	4.6	
-2.44	4.52	
-2.44	4.44	
-2.44	4.36	
-2.44	4.28	
-2.44	4.2	
-2.44	4.12	
-2.44	4.04	
-2.44	3.96	
-2.44	3.88	
-2.44	3.8	
-2.44	3.72	
-2.44	3.64	
-2.44	3.56	
-2.44	3.48	
-2.44	3.4	
-2.44	3.32	
-2.44	3.24	
-2.44	3.16	
-2.44	3.08	
-2.44	3	
-2.44	2.92	
-2.44	2.84	
-2.44	2.76	
-2.44	2.68	
-2.44	2.6	
-2.48	14.76	
-2.48	14.68	
-2.48	14.6	
-2.48	14.52	
-2.48	14.44	
-2.48	14.36	
-2.48	14.28	
-2.48	14.2	
-2.48	14.12	
-2.48	14.04	
-2.48	13.96	
-2.48	13.88	
-2.48	13.8	
-2.48	13.72	
-2.48	13.64	
-2.48	13.56	
-2.48	13.48	
-2.48	13.4	
-2.48	13.32	
-2.48	13.24	
-2.48	13.16	
-2.48	13.08	
-2.48	13	
-2.48	12.92	
-2.48	12.84	
-2.48	12.76	
-2.48	12.68	
-2.48	12.6	
-2.48	12.52	
-2.48	12.44	
-2.48	12.36	
-2.48	12.28	
-2.48	12.2	
-2.48	12.12	
-2.48	12.04	
-2.48	11.96	
-2.48	11.88	
-2.48	11.8	
-2.48	11.72	
-2.48	11.64	
-2.48	11.56	
-2.48	11.48	
-2.48	11.4	
-2.48	11.32	
-2.48	11.24	
-2.48	11.16	
-2.48	11.08	
-2.48	11	
-2.48	10.92	
-2.48	10.84	
-2.48	10.76	
-2.48	10.68	
-2.48	10.6	
-2.48	10.52	
-2.48	10.44	
-2.48	10.36	
-2.48	10.28	
-2.48	10.2	
-2.48	10.12	
-2.48	10.04	
-2.48	9.96	
-2.48	9.88	
-2.48	9.8	
-2.48	9.72	
-2.48	9.64	
-2.48	9.56	
-2.48	9.48	
-2.48	9.4	
-2.48	9.32	
-2.48	9.24	
-2.48	9.16	
-2.48	9.08	
-2.48	9	
-2.48	8.92	
-2.48	8.84	
-2.48	8.76	
-2.48	8.68	
-2.48	8.6	
-2.48	8.52	
-2.48	8.44	
-2.48	8.36	
-2.48	8.28	
-2.48	8.2	
-2.48	8.12	
-2.48	8.04	
-2.48	7.96	
-2.48	7.88	
-2.48	7.8	
-2.48	7.72	
-2.48	7.64	
-2.48	7.56	
-2.48	7.48	
-2.48	7.4	
-2.48	7.32	
-2.48	7.24	
-2.48	7.16	
-2.48	7.08	
-2.48	7	
-2.48	6.92	
-2.48	6.84	
-2.48	6.76	
-2.48	6.68	
-2.48	6.6	
-2.48	6.52	
-2.48	6.44	
-2.48	6.36	
-2.48	6.28	
-2.48	6.2	
-2.48	6.12	
-2.48	6.04	
-2.48	5.96	
-2.48	5.88	
-2.48	5.8	
-2.48	5.72	
-2.48	5.64	
-2.48	5.56	
-2.48	5.48	
-2.48	5.4	
-2.48	5.32	
-2.48	5.24	
-2.48	5.16	
-2.48	5.08	
-2.48	5	
-2.48	4.92	
-2.48	4.84	
-2.48	4.76	
-2.48	4.68	
-2.48	4.6	
-2.48	4.52	
-2.48	4.44	
-2.48	4.36	
-2.48	4.28	
-2.48	4.2	
-2.48	4.12	
-2.48	4.04	
-2.48	3.96	
-2.48	3.88	
-2.48	3.8	
-2.48	3.72	
-2.48	3.64	
-2.48	3.56	
-2.48	3.48	
-2.48	3.4	
-2.48	3.32	
-2.48	3.24	
-2.48	3.16	
-2.48	3.08	
-2.48	3	
-2.48	2.92	
-2.48	2.84	
-2.48	2.76	
-2.48	2.68	
-2.48	2.6	
-2.48	2.52	
-2.52	14.72	
-2.52	14.64	
-2.52	14.56	
-2.52	14.48	
-2.52	14.4	
-2.52	14.32	
-2.52	14.24	
-2.52	14.16	
-2.52	14.08	
-2.52	14	
-2.52	13.92	
-2.52	13.84	
-2.52	13.76	
-2.52	13.68	
-2.52	13.6	
-2.52	13.52	
-2.52	13.44	
-2.52	13.36	
-2.52	13.28	
-2.52	13.2	
-2.52	13.12	
-2.52	13.04	
-2.52	12.96	
-2.52	12.88	
-2.52	12.8	
-2.52	12.72	
-2.52	12.64	
-2.52	12.56	
-2.52	12.48	
-2.52	12.4	
-2.52	12.32	
-2.52	12.24	
-2.52	12.16	
-2.52	12.08	
-2.52	12	
-2.52	11.92	
-2.52	11.84	
-2.52	11.76	
-2.52	11.68	
-2.52	11.6	
-2.52	11.52	
-2.52	11.44	
-2.52	11.36	
-2.52	11.28	
-2.52	11.2	
-2.52	11.12	
-2.52	11.04	
-2.52	10.96	
-2.52	10.88	
-2.52	10.8	
-2.52	10.72	
-2.52	10.64	
-2.52	10.56	
-2.52	10.48	
-2.52	10.4	
-2.52	10.32	
-2.52	10.24	
-2.52	10.16	
-2.52	10.08	
-2.52	10	
-2.52	9.92	
-2.52	9.84	
-2.52	9.76	
-2.52	9.68	
-2.52	9.6	
-2.52	9.52	
-2.52	9.44	
-2.52	9.36	
-2.52	9.28	
-2.52	9.2	
-2.52	9.12	
-2.52	9.04	
-2.52	8.96	
-2.52	8.88	
-2.52	8.8	
-2.52	8.72	
-2.52	8.64	
-2.52	8.56	
-2.52	8.48	
-2.52	8.4	
-2.52	8.32	
-2.52	8.24	
-2.52	8.16	
-2.52	8.08	
-2.52	8	
-2.52	7.92	
-2.52	7.84	
-2.52	7.76	
-2.52	7.68	
-2.52	7.6	
-2.52	7.52	
-2.52	7.44	
-2.52	7.36	
-2.52	7.28	
-2.52	7.2	
-2.52	7.12	
-2.52	7.04	
-2.52	6.96	
-2.52	6.88	
-2.52	6.8	
-2.52	6.72	
-2.52	6.64	
-2.52	6.56	
-2.52	6.48	
-2.52	6.4	
-2.52	6.32	
-2.52	6.24	
-2.52	6.16	
-2.52	6.08	
-2.52	6	
-2.52	5.92	
-2.52	5.84	
-2.52	5.76	
-2.52	5.68	
-2.52	5.6	
-2.52	5.52	
-2.52	5.44	
-2.52	5.36	
-2.52	5.28	
-2.52	5.2	
-2.52	5.12	
-2.52	5.04	
-2.52	4.96	
-2.52	4.88	
-2.52	4.8	
-2.52	4.72	
-2.52	4.64	
-2.52	4.56	
-2.52	4.48	
-2.52	4.4	
-2.52	4.32	
-2.52	4.24	
-2.52	4.16	
-2.52	4.08	
-2.52	4	
-2.52	3.92	
-2.52	3.84	
-2.52	3.76	
-2.52	3.68	
-2.52	3.6	
-2.52	3.52	
-2.52	3.44	
-2.52	3.36	
-2.52	3.28	
-2.52	3.2	
-2.52	3.12	
-2.52	3.04	
-2.52	2.96	
-2.52	2.88	
-2.52	2.8	
-2.52	2.72	
-2.52	2.64	
-2.52	2.56	
-2.56	14.76	
-2.56	14.68	
-2.56	14.6	
-2.56	14.52	
-2.56	14.44	
-2.56	14.36	
-2.56	14.28	
-2.56	14.2	
-2.56	14.12	
-2.56	14.04	
-2.56	13.96	
-2.56	13.88	
-2.56	13.8	
-2.56	13.72	
-2.56	13.64	
-2.56	13.56	
-2.56	13.48	
-2.56	13.4	
-2.56	13.32	
-2.56	13.24	
-2.56	13.16	
-2.56	13.08	
-2.56	13	
-2.56	12.92	
-2.56	12.84	
-2.56	12.76	
-2.56	12.68	
-2.56	12.6	
-2.56	12.52	
-2.56	12.44	
-2.56	12.36	
-2.56	12.28	
-2.56	12.2	
-2.56	12.12	
-2.56	12.04	
-2.56	11.96	
-2.56	11.88	
-2.56	11.8	
-2.56	11.72	
-2.56	11.64	
-2.56	11.56	
-2.56	11.48	
-2.56	11.4	
-2.56	11.32	
-2.56	11.24	
-2.56	11.16	
-2.56	11.08	
-2.56	11	
-2.56	10.92	
-2.56	10.84	
-2.56	10.76	
-2.56	10.68	
-2.56	10.6	
-2.56	10.52	
-2.56	10.44	
-2.56	10.36	
-2.56	10.28	
-2.56	10.2	
-2.56	10.12	
-2.56	10.04	
-2.56	9.96	
-2.56	9.88	
-2.56	9.8	
-2.56	9.72	
-2.56	9.64	
-2.56	9.56	
-2.56	9.48	
-2.56	9.4	
-2.56	9.32	
-2.56	9.24	
-2.56	9.16	
-2.56	9.08	
-2.56	9	
-2.56	8.92	
-2.56	8.84	
-2.56	8.76	
-2.56	8.68	
-2.56	8.6	
-2.56	8.52	
-2.56	8.44	
-2.56	8.36	
-2.56	8.28	
-2.56	8.2	
-2.56	8.12	
-2.56	8.04	
-2.56	7.96	
-2.56	7.88	
-2.56	7.8	
-2.56	7.72	
-2.56	7.64	
-2.56	7.56	
-2.56	7.48	
-2.56	7.4	
-2.56	7.32	
-2.56	7.24	
-2.56	7.16	
-2.56	7.08	
-2.56	7	
-2.56	6.92	
-2.56	6.84	
-2.56	6.76	
-2.56	6.68	
-2.56	6.6	
-2.56	6.52	
-2.56	6.44	
-2.56	6.36	
-2.56	6.28	
-2.56	6.2	
-2.56	6.12	
-2.56	6.04	
-2.56	5.96	
-2.56	5.88	
-2.56	5.8	
-2.56	5.72	
-2.56	5.64	
-2.56	5.56	
-2.56	5.4	
-2.56	5.32	
-2.56	5.24	
-2.56	5.16	
-2.56	5.08	
-2.56	5	
-2.56	4.92	
-2.56	4.84	
-2.56	4.76	
-2.56	4.68	
-2.56	4.6	
-2.56	4.52	
-2.56	4.44	
-2.56	4.36	
-2.56	4.28	
-2.56	4.2	
-2.56	4.12	
-2.56	4.04	
-2.56	3.96	
-2.56	3.88	
-2.56	3.8	
-2.56	3.72	
-2.56	3.64	
-2.56	3.56	
-2.56	3.48	
-2.56	3.4	
-2.56	3.32	
-2.56	3.24	
-2.56	3.16	
-2.56	3.08	
-2.56	3	
-2.56	2.92	
-2.56	2.84	
-2.56	2.76	
-2.56	2.68	
-2.56	2.6	
-2.56	2.52	
-2.6	14.72	
-2.6	14.64	
-2.6	14.48	
-2.6	14.4	
-2.6	14.32	
-2.6	14.24	
-2.6	14.16	
-2.6	14.08	
-2.6	14	
-2.6	13.92	
-2.6	13.84	
-2.6	13.76	
-2.6	13.68	
-2.6	13.6	
-2.6	13.52	
-2.6	13.44	
-2.6	13.36	
-2.6	13.28	
-2.6	13.2	
-2.6	13.12	
-2.6	13.04	
-2.6	12.96	
-2.6	12.88	
-2.6	12.8	
-2.6	12.72	
-2.6	12.64	
-2.6	12.56	
-2.6	12.48	
-2.6	12.4	
-2.6	12.32	
-2.6	12.24	
-2.6	12.16	
-2.6	12.08	
-2.6	12	
-2.6	11.92	
-2.6	11.84	
-2.6	11.76	
-2.6	11.68	
-2.6	11.6	
-2.6	11.52	
-2.6	11.44	
-2.6	11.36	
-2.6	11.28	
-2.6	11.2	
-2.6	11.12	
-2.6	11.04	
-2.6	10.96	
-2.6	10.88	
-2.6	10.8	
-2.6	10.72	
-2.6	10.64	
-2.6	10.56	
-2.6	10.48	
-2.6	10.4	
-2.6	10.32	
-2.6	10.24	
-2.6	10.16	
-2.6	9.92	
-2.6	9.84	
-2.6	9.76	
-2.6	9.68	
-2.6	9.6	
-2.6	9.52	
-2.6	9.44	
-2.6	9.36	
-2.6	9.28	
-2.6	9.2	
-2.6	9.12	
-2.6	9.04	
-2.6	8.96	
-2.6	8.88	
-2.6	8.8	
-2.6	8.72	
-2.6	8.64	
-2.6	8.56	
-2.6	8.48	
-2.6	8.4	
-2.6	8.32	
-2.6	8.24	
-2.6	8.16	
-2.6	8.08	
-2.6	8	
-2.6	7.92	
-2.6	7.84	
-2.6	7.68	
-2.6	7.6	
-2.6	7.52	
-2.6	7.44	
-2.6	7.36	
-2.6	7.28	
-2.6	7.2	
-2.6	7.12	
-2.6	7.04	
-2.6	6.88	
-2.6	6.8	
-2.6	6.72	
-2.6	6.64	
-2.6	6.56	
-2.6	6.48	
-2.6	6.4	
-2.6	6.32	
-2.6	6.24	
-2.6	6.16	
-2.6	6.08	
-2.6	6	
-2.6	5.92	
-2.6	5.84	
-2.6	5.76	
-2.6	5.68	
-2.6	5.6	
-2.6	5.36	
-2.6	5.28	
-2.6	5.2	
-2.6	5.12	
-2.6	5.04	
-2.6	4.96	
-2.6	4.88	
-2.6	4.8	
-2.6	4.72	
-2.6	4.64	
-2.6	4.56	
-2.6	4.48	
-2.6	4.4	
-2.6	4.24	
-2.6	4.16	
-2.6	4.08	
-2.6	4	
-2.6	3.92	
-2.6	3.84	
-2.6	3.76	
-2.6	3.68	
-2.6	3.6	
-2.6	3.52	
-2.6	3.36	
-2.6	3.28	
-2.6	3.12	
-2.6	3.04	
-2.6	2.96	
-2.6	2.88	
-2.6	2.64	
-2.6	2.56	
-2.6	2.48	
-2.64	14.4	
-2.64	14.32	
-2.64	14.24	
-2.64	14.16	
-2.64	14.08	
-2.64	14	
-2.64	13.92	
-2.64	13.84	
-2.64	13.76	
-2.64	13.68	
-2.64	13.6	
-2.64	13.52	
-2.64	13.44	
-2.64	13.36	
-2.64	13.28	
-2.64	13.2	
-2.64	13.12	
-2.64	13.04	
-2.64	12.96	
-2.64	12.88	
-2.64	12.8	
-2.64	12.72	
-2.64	12.64	
-2.64	12.56	
-2.64	12.48	
-2.64	12.4	
-2.64	12.32	
-2.64	12.16	
-2.64	12.08	
-2.64	12	
-2.64	11.92	
-2.64	11.84	
-2.64	11.76	
-2.64	11.68	
-2.64	11.6	
-2.64	11.52	
-2.64	11.44	
-2.64	11.36	
-2.64	11.28	
-2.64	11.2	
-2.64	11.12	
-2.64	11.04	
-2.64	10.96	
-2.64	10.88	
-2.64	10.8	
-2.64	10.72	
-2.64	10.64	
-2.64	10.56	
-2.64	10.48	
-2.64	10.4	
-2.64	10.32	
-2.64	10.24	
-2.64	9.92	
-2.64	9.84	
-2.64	9.76	
-2.64	9.68	
-2.64	9.6	
-2.64	9.52	
-2.64	9.44	
-2.64	9.36	
-2.64	9.28	
-2.64	9.2	
-2.64	9.12	
-2.64	9.04	
-2.64	8.96	
-2.64	8.88	
-2.64	8.8	
-2.64	8.72	
-2.64	8.64	
-2.64	8.56	
-2.64	8.4	
-2.64	8.32	
-2.64	8.24	
-2.64	8.16	
-2.64	8.08	
-2.64	8	
-2.64	7.92	
-2.64	7.84	
-2.64	7.6	
-2.64	7.52	
-2.64	7.44	
-2.64	7.36	
-2.64	7.28	
-2.64	7.2	
-2.64	7.12	
-2.64	7.04	
-2.64	6.88	
-2.64	6.8	
-2.64	6.72	
-2.64	6.64	
-2.64	6.48	
-2.64	6.4	
-2.64	6.24	
-2.64	6.16	
-2.64	6.08	
-2.64	6	
-2.64	5.92	
-2.64	5.84	
-2.64	5.76	
-2.64	5.68	
-2.64	5.36	
-2.64	5.28	
-2.64	5.2	
-2.64	5.12	
-2.64	5.04	
-2.64	4.96	
-2.64	4.88	
-2.64	4.8	
-2.64	4.56	
-2.64	4.48	
-2.64	4.4	
-2.64	4.24	
-2.64	4.16	
-2.64	3.84	
-2.64	3.76	
-2.64	3.68	
-2.64	3.6	
-2.64	3.52	
-2.64	3.36	
-2.64	3.28	
-2.64	3.04	
-2.64	2.96	
-2.64	2.88	
-2.64	2.56	
-2.68	14.44	
-2.68	14.36	
-2.68	14.28	
-2.68	14.2	
-2.68	14.12	
-2.68	14.04	
-2.68	13.96	
-2.68	13.88	
-2.68	13.8	
-2.68	13.72	
-2.68	13.64	
-2.68	13.56	
-2.68	13.48	
-2.68	13.4	
-2.68	13.32	
-2.68	13.24	
-2.68	13.16	
-2.68	13.08	
-2.68	13	
-2.68	12.92	
-2.68	12.84	
-2.68	12.76	
-2.68	12.68	
-2.68	12.6	
-2.68	12.52	
-2.68	12.44	
-2.68	12.2	
-2.68	12.12	
-2.68	12.04	
-2.68	11.96	
-2.68	11.88	
-2.68	11.8	
-2.68	11.72	
-2.68	11.64	
-2.68	11.56	
-2.68	11.4	
-2.68	11.32	
-2.68	11.24	
-2.68	11.16	
-2.68	11.08	
-2.68	11	
-2.68	10.92	
-2.68	10.84	
-2.68	10.76	
-2.68	10.68	
-2.68	10.6	
-2.68	10.52	
-2.68	10.44	
-2.68	10.36	
-2.68	10.28	
-2.68	9.88	
-2.68	9.8	
-2.68	9.72	
-2.68	9.64	
-2.68	9.56	
-2.68	9.48	
-2.68	9.4	
-2.68	9.32	
-2.68	9.24	
-2.68	9.16	
-2.68	9.08	
-2.68	9	
-2.68	8.92	
-2.68	8.76	
-2.68	8.68	
-2.68	8.6	
-2.68	8.44	
-2.68	8.36	
-2.68	8.28	
-2.68	8.2	
-2.68	8.04	
-2.68	7.96	
-2.68	7.64	
-2.68	7.56	
-2.68	7.48	
-2.68	7.4	
-2.68	7.32	
-2.68	7.16	
-2.68	7.08	
-2.68	6.92	
-2.68	6.84	
-2.68	6.76	
-2.68	6.68	
-2.68	6.52	
-2.68	6.44	
-2.68	6.28	
-2.68	6.2	
-2.68	6.12	
-2.68	6.04	
-2.68	5.96	
-2.68	5.88	
-2.68	5.8	
-2.68	5.72	
-2.68	5.32	
-2.68	5.24	
-2.68	5.16	
-2.68	5.08	
-2.68	5	
-2.68	4.92	
-2.68	4.84	
-2.68	4.6	
-2.68	4.44	
-2.68	4.28	
-2.68	4.2	
-2.68	4.04	
-2.68	3.88	
-2.68	3.8	
-2.68	3.72	
-2.68	3.56	
-2.68	3.32	
-2.68	3	
-2.68	2.92	
-2.68	2.76	
-2.68	2.68	
-2.68	2.6	
-2.72	14.4	
-2.72	14.32	
-2.72	14.24	
-2.72	14.16	
-2.72	14.08	
-2.72	14	
-2.72	13.92	
-2.72	13.84	
-2.72	13.76	
-2.72	13.68	
-2.72	13.6	
-2.72	13.52	
-2.72	13.44	
-2.72	13.36	
-2.72	13.28	
-2.72	13.2	
-2.72	13.12	
-2.72	12.88	
-2.72	12.8	
-2.72	12.72	
-2.72	12.64	
-2.72	12.56	
-2.72	12.16	
-2.72	12.08	
-2.72	12	
-2.72	11.92	
-2.72	11.84	
-2.72	11.76	
-2.72	11.68	
-2.72	11.44	
-2.72	11.36	
-2.72	11.28	
-2.72	11.2	
-2.72	11.04	
-2.72	10.96	
-2.72	10.88	
-2.72	10.8	
-2.72	10.72	
-2.72	10.64	
-2.72	10.56	
-2.72	10.48	
-2.72	10.4	
-2.72	9.84	
-2.72	9.76	
-2.72	9.68	
-2.72	9.6	
-2.72	9.52	
-2.72	9.44	
-2.72	9.36	
-2.72	9.28	
-2.72	9.2	
-2.72	9.12	
-2.72	8.96	
-2.72	8.72	
-2.72	8.32	
-2.72	8.24	
-2.72	8.08	
-2.72	8	
-2.72	7.6	
-2.72	7.52	
-2.72	7.44	
-2.72	7.36	
-2.72	7.2	
-2.72	6.88	
-2.72	6.8	
-2.72	6.72	
-2.72	6.24	
-2.72	6.08	
-2.72	6	
-2.72	5.76	
-2.72	5.28	
-2.72	5.2	
-2.72	5.12	
-2.72	5.04	
-2.72	4.96	
-2.72	3.76	
-2.72	3.6	
-2.76	14.4	
-2.76	14.32	
-2.76	14.24	
-2.76	14.16	
-2.76	14.08	
-2.76	14	
-2.76	13.92	
-2.76	13.84	
-2.76	13.76	
-2.76	13.68	
-2.76	13.6	
-2.76	13.52	
-2.76	13.44	
-2.76	13.28	
-2.76	12.88	
-2.76	12.8	
-2.76	12.72	
-2.76	12.64	
-2.76	12.16	
-2.76	12.08	
-2.76	12	
-2.76	11.92	
-2.76	11.84	
-2.76	11.76	
-2.76	11.44	
-2.76	11.36	
-2.76	11.28	
-2.76	11.04	
-2.76	10.96	
-2.76	10.8	
-2.76	10.72	
-2.76	10.64	
-2.76	10.56	
-2.76	10.48	
-2.76	9.84	
-2.76	9.76	
-2.76	9.68	
-2.76	9.6	
-2.76	9.52	
-2.76	9.44	
-2.76	9.36	
-2.76	9.28	
-2.76	8.72	
-2.76	8.32	
-2.76	8.08	
-2.76	7.52	
-2.76	7.44	
-2.76	7.2	
-2.76	6.88	
-2.76	6.8	
-2.76	6	
-2.76	5.2	
-2.76	5.12	
-2.76	5.04	
-2.76	4.96	
-2.76	3.76	
-2.76	3.6	
-2.8	14.72	
-2.8	14.4	
-2.8	14.32	
-2.8	14.24	
-2.8	14.16	
-2.8	14.08	
-2.8	14	
-2.8	13.92	
-2.8	13.84	
-2.8	13.76	
-2.8	13.68	
-2.8	13.6	
-2.8	12.88	
-2.8	12.8	
-2.8	12.72	
-2.8	12.16	
-2.8	12.08	
-2.8	12	
-2.8	11.92	
-2.8	11.44	
-2.8	11.36	
-2.8	11.04	
-2.8	10.8	
-2.8	10.72	
-2.8	10.56	
-2.8	9.84	
-2.8	9.76	
-2.8	9.68	
-2.8	9.6	
-2.8	9.52	
-2.8	9.44	
-2.8	9.36	
-2.8	8.08	
-2.8	7.52	
-2.8	7.44	
-2.8	5.2	
-2.8	5.12	
-2.8	5.04	
-2.84	14.72	
-2.84	14.4	
-2.84	14.32	
-2.84	14.24	
-2.84	14.16	
-2.84	14.08	
-2.84	14	
-2.84	13.92	
-2.84	13.84	
-2.84	13.76	
-2.84	13.68	
-2.84	12.88	
-2.84	12.08	
-2.84	12	
-2.84	9.84	
-2.84	9.76	
-2.84	9.68	
-2.84	9.6	
-2.84	9.52	
-2.84	9.44	
-2.84	7.52	
-2.84	5.12	
-2.84	5.04	
-2.88	14.36	
-2.88	14.28	
-2.88	14.2	
-2.88	14.12	
-2.88	14.04	
-2.88	13.96	
-2.88	13.88	
-2.88	13.8	
-2.88	12.12	
-2.88	12.04	
-2.88	9.8	
-2.88	9.72	
-2.88	9.64	
-2.88	9.56	
-2.88	9.48	
-2.88	5.08	
-2.92	14.36	
-2.92	14.28	
-2.92	14.2	
-2.92	14.12	
-2.92	14.04	
-2.92	13.96	
-2.92	9.8	
-2.92	9.72	
-2.92	9.64	
-2.92	9.56	
-2.92	5.08	
-2.96	14.36	
-2.96	14.28	
-2.96	14.2	
-2.96	14.12	
-2.96	14.04	
-2.96	9.72	
-2.96	9.64	
-3	14.32	
-3	14.24	
-3	14.16	
-3	9.76	
-3	9.68	
-3.04	14.68	
-3.04	14.28	
-3.4	14.6	
-3.44	14.6	
-3.6	14.56	
-3.88	14.48	
-4.04	14.44	
-4.16	14.4	
-4.2	14.4	
-4.44	14.32	
-4.68	14.24	
-4.92	14.16	
-5.16	14.08	
-5.28	14.04	
-5.04	14.12	
-4.8	14.2	
-4.56	14.28	
-4.32	14.36	
-4.28	14.36	
-4.12	14.4	
-4	14.44	
-3.76	14.52	
-3.24	14.64	
-3.08	14.68	
-3.04	14.24	
-3.04	14.32	
-3	9.72	
-3	14.12	
-3	14.2	
-3	14.28	
-2.96	9.6	
-2.96	9.68	
-2.96	9.76	
-2.96	14.08	
-2.96	14.16	
-2.96	14.24	
-2.96	14.32	
-2.92	9.52	
-2.92	9.6	
-2.92	9.68	
-2.92	9.76	
-2.92	13.92	
-2.92	14	
-2.92	14.08	
-2.92	14.16	
-2.92	14.24	
-2.92	14.32	
-2.88	5.04	
-2.88	5.12	
-2.88	9.52	
-2.88	9.6	
-2.88	9.68	
-2.88	9.76	
-2.88	12.08	
-2.88	13.84	
-2.88	13.92	
-2.88	14	
-2.88	14.08	
-2.88	14.16	
-2.88	14.24	
-2.88	14.32	
-2.88	14.72	
-2.84	5	
-2.84	5.08	
-2.84	5.16	
-2.84	9.4	
-2.84	9.48	
-2.84	9.56	
-2.84	9.64	
-2.84	9.72	
-2.84	9.8	
-2.84	10.6	
-2.84	11.96	
-2.84	12.04	
-2.84	12.12	
-2.84	12.84	
-2.84	13.72	
-2.84	13.8	
-2.84	13.88	
-2.84	13.96	
-2.84	14.04	
-2.84	14.12	
-2.84	14.2	
-2.84	14.28	
-2.84	14.36	
-2.8	5	
-2.8	5.08	
-2.8	5.16	
-2.8	7.48	
-2.8	7.56	
-2.8	8.36	
-2.8	9.32	
-2.8	9.4	
-2.8	9.48	
-2.8	9.56	
-2.8	9.64	
-2.8	9.72	
-2.8	9.8	
-2.8	10.52	
-2.8	10.6	
-2.8	10.76	
-2.8	11	
-2.8	11.32	
-2.8	11.88	
-2.8	11.96	
-2.8	12.04	
-2.8	12.12	
-2.8	12.76	
-2.8	12.84	
-2.8	12.92	
-2.8	13.56	
-2.8	13.64	
-2.8	13.72	
-2.8	13.8	
-2.8	13.88	
-2.8	13.96	
-2.8	14.04	
-2.8	14.12	
-2.8	14.2	
-2.8	14.28	
-2.8	14.36	
-2.76	4.2	
-2.76	5	
-2.76	5.08	
-2.76	5.16	
-2.76	5.24	
-2.76	5.8	
-2.76	6.12	
-2.76	6.28	
-2.76	6.76	
-2.76	7.4	
-2.76	7.48	
-2.76	7.56	
-2.76	8.04	
-2.76	8.28	
-2.76	8.36	
-2.76	8.76	
-2.76	9.24	
-2.76	9.32	
-2.76	9.4	
-2.76	9.48	
-2.76	9.56	
-2.76	9.64	
-2.76	9.72	
-2.76	9.8	
-2.76	9.88	
-2.76	10.44	
-2.76	10.52	
-2.76	10.6	
-2.76	10.68	
-2.76	10.76	
-2.76	10.92	
-2.76	11	
-2.76	11.24	
-2.76	11.32	
-2.76	11.4	
-2.76	11.8	
-2.76	11.88	
-2.76	11.96	
-2.76	12.04	
-2.76	12.12	
-2.76	12.68	
-2.76	12.76	
-2.76	12.84	
-2.76	12.92	
-2.76	13.24	
-2.76	13.48	
-2.76	13.56	
-2.76	13.64	
-2.76	13.72	
-2.76	13.8	
-2.76	13.88	
-2.76	13.96	
-2.76	14.04	
-2.76	14.12	
-2.76	14.2	
-2.76	14.28	
-2.76	14.36	
-2.72	2.6	
-2.72	2.92	
-2.72	4.2	
-2.72	4.92	
-2.72	5	
-2.72	5.08	
-2.72	5.16	
-2.72	5.24	
-2.72	5.72	
-2.72	5.8	
-2.72	5.88	
-2.72	5.96	
-2.72	6.12	
-2.72	6.28	
-2.72	6.44	
-2.72	6.52	
-2.72	6.76	
-2.72	6.84	
-2.72	7.16	
-2.72	7.32	
-2.72	7.4	
-2.72	7.48	
-2.72	7.56	
-2.72	7.96	
-2.72	8.04	
-2.72	8.2	
-2.72	8.28	
-2.72	8.36	
-2.72	8.44	
-2.72	8.68	
-2.72	8.76	
-2.72	9	
-2.72	9.08	
-2.72	9.16	
-2.72	9.24	
-2.72	9.32	
-2.72	9.4	
-2.72	9.48	
-2.72	9.56	
-2.72	9.64	
-2.72	9.72	
-2.72	9.8	
-2.72	9.88	
-2.72	10.36	
-2.72	10.44	
-2.72	10.52	
-2.72	10.6	
-2.72	10.68	
-2.72	10.76	
-2.72	10.84	
-2.72	10.92	
-2.72	11	
-2.72	11.16	
-2.72	11.24	
-2.72	11.32	
-2.72	11.4	
-2.72	11.64	
-2.72	11.72	
-2.72	11.8	
-2.72	11.88	
-2.72	11.96	
-2.72	12.04	
-2.72	12.12	
-2.72	12.52	
-2.72	12.6	
-2.72	12.68	
-2.72	12.76	
-2.72	12.84	
-2.72	12.92	
-2.72	13.16	
-2.72	13.24	
-2.72	13.32	
-2.72	13.4	
-2.72	13.48	
-2.72	13.56	
-2.72	13.64	
-2.72	13.72	
-2.72	13.8	
-2.72	13.88	
-2.72	13.96	
-2.72	14.04	
-2.72	14.12	
-2.72	14.2	
-2.72	14.28	
-2.72	14.36	
-2.72	14.44	
-2.68	2.88	
-2.68	2.96	
-2.68	3.6	
-2.68	3.76	
-2.68	4.16	
-2.68	4.4	
-2.68	4.48	
-2.68	4.88	
-2.68	4.96	
-2.68	5.04	
-2.68	5.12	
-2.68	5.2	
-2.68	5.28	
-2.68	5.68	
-2.68	5.76	
-2.68	5.84	
-2.68	5.92	
-2.68	6	
-2.68	6.08	
-2.68	6.24	
-2.68	6.4	
-2.68	6.48	
-2.68	6.72	
-2.68	6.8	
-2.68	6.88	
-2.68	7.12	
-2.68	7.2	
-2.68	7.28	
-2.68	7.36	
-2.68	7.44	
-2.68	7.52	
-2.68	7.6	
-2.68	7.92	
-2.68	8	
-2.68	8.08	
-2.68	8.16	
-2.68	8.24	
-2.68	8.32	
-2.68	8.4	
-2.68	8.64	
-2.68	8.72	
-2.68	8.88	
-2.68	8.96	
-2.68	9.04	
-2.68	9.12	
-2.68	9.2	
-2.68	9.28	
-2.68	9.36	
-2.68	9.44	
-2.68	9.52	
-2.68	9.6	
-2.68	9.68	
-2.68	9.76	
-2.68	9.84	
-2.68	9.92	
-2.68	10.32	
-2.68	10.4	
-2.68	10.48	
-2.68	10.56	
-2.68	10.64	
-2.68	10.72	
-2.68	10.8	
-2.68	10.88	
-2.68	10.96	
-2.68	11.04	
-2.68	11.12	
-2.68	11.2	
-2.68	11.28	
-2.68	11.36	
-2.68	11.44	
-2.68	11.6	
-2.68	11.68	
-2.68	11.76	
-2.68	11.84	
-2.68	11.92	
-2.68	12	
-2.68	12.08	
-2.68	12.16	
-2.68	12.48	
-2.68	12.56	
-2.68	12.64	
-2.68	12.72	
-2.68	12.8	
-2.68	12.88	
-2.68	13.04	
-2.68	13.12	
-2.68	13.2	
-2.68	13.28	
-2.68	13.36	
-2.68	13.44	
-2.68	13.52	
-2.68	13.6	
-2.68	13.68	
-2.68	13.76	
-2.68	13.84	
-2.68	13.92	
-2.68	14	
-2.68	14.08	
-2.68	14.16	
-2.68	14.24	
-2.68	14.32	
-2.68	14.4	
-2.64	2.52	
-2.64	2.6	
-2.64	2.68	
-2.64	2.76	
-2.64	2.92	
-2.64	3	
-2.64	3.08	
-2.64	3.32	
-2.64	3.4	
-2.64	3.48	
-2.64	3.56	
-2.64	3.72	
-2.64	3.8	
-2.64	3.88	
-2.64	4.04	
-2.64	4.12	
-2.64	4.2	
-2.64	4.28	
-2.64	4.36	
-2.64	4.44	
-2.64	4.6	
-2.64	4.68	
-2.64	4.76	
-2.64	4.84	
-2.64	4.92	
-2.64	5	
-2.64	5.08	
-2.64	5.16	
-2.64	5.24	
-2.64	5.32	
-2.64	5.64	
-2.64	5.72	
-2.64	5.8	
-2.64	5.88	
-2.64	5.96	
-2.64	6.04	
-2.64	6.12	
-2.64	6.2	
-2.64	6.28	
-2.64	6.36	
-2.64	6.44	
-2.64	6.52	
-2.64	6.6	
-2.64	6.68	
-2.64	6.76	
-2.64	6.84	
-2.64	6.92	
-2.64	7.08	
-2.64	7.16	
-2.64	7.24	
-2.64	7.32	
-2.64	7.4	
-2.64	7.48	
-2.64	7.56	
-2.64	7.64	
-2.64	7.88	
-2.64	7.96	
-2.64	8.04	
-2.64	8.12	
-2.64	8.2	
-2.64	8.28	
-2.64	8.36	
-2.64	8.44	
-2.64	8.52	
-2.64	8.6	
-2.64	8.68	
-2.64	8.76	
-2.64	8.84	
-2.64	8.92	
-2.64	9	
-2.64	9.08	
-2.64	9.16	
-2.64	9.24	
-2.64	9.32	
-2.64	9.4	
-2.64	9.48	
-2.64	9.56	
-2.64	9.64	
-2.64	9.72	
-2.64	9.8	
-2.64	9.88	
-2.64	10.2	
-2.64	10.28	
-2.64	10.36	
-2.64	10.44	
-2.64	10.52	
-2.64	10.6	
-2.64	10.68	
-2.64	10.76	
-2.64	10.84	
-2.64	10.92	
-2.64	11	
-2.64	11.08	
-2.64	11.16	
-2.64	11.24	
-2.64	11.32	
-2.64	11.4	
-2.64	11.48	
-2.64	11.56	
-2.64	11.64	
-2.64	11.72	
-2.64	11.8	
-2.64	11.88	
-2.64	11.96	
-2.64	12.04	
-2.64	12.12	
-2.64	12.2	
-2.64	12.36	
-2.64	12.44	
-2.64	12.52	
-2.64	12.6	
-2.64	12.68	
-2.64	12.76	
-2.64	12.84	
-2.64	12.92	
-2.64	13	
-2.64	13.08	
-2.64	13.16	
-2.64	13.24	
-2.64	13.32	
-2.64	13.4	
-2.64	13.48	
-2.64	13.56	
-2.64	13.64	
-2.64	13.72	
-2.64	13.8	
-2.64	13.88	
-2.64	13.96	
-2.64	14.04	
-2.64	14.12	
-2.64	14.2	
-2.64	14.28	
-2.64	14.36	
-2.64	14.44	
-2.64	14.76	
-2.6	2.52	
-2.6	2.6	
-2.6	2.68	
-2.6	2.76	
-2.6	2.84	
-2.6	2.92	
-2.6	3	
-2.6	3.08	
-2.6	3.16	
-2.6	3.32	
-2.6	3.4	
-2.6	3.48	
-2.6	3.56	
-2.6	3.64	
-2.6	3.72	
-2.6	3.8	
-2.6	3.88	
-2.6	4.04	
-2.6	4.12	
-2.6	4.2	
-2.6	4.28	
-2.6	4.36	
-2.6	4.44	
-2.6	4.52	
-2.6	4.6	
-2.6	4.68	
-2.6	4.76	
-2.6	4.84	
-2.6	4.92	
-2.6	5	
-2.6	5.08	
-2.6	5.16	
-2.6	5.24	
-2.6	5.32	
-2.6	5.4	
-2.6	5.64	
-2.6	5.72	
-2.6	5.8	
-2.6	5.88	
-2.6	5.96	
-2.6	6.04	
-2.6	6.12	
-2.6	6.2	
-2.6	6.28	
-2.6	6.36	
-2.6	6.44	
-2.6	6.52	
-2.6	6.6	
-2.6	6.68	
-2.6	6.76	
-2.6	6.84	
-2.6	6.92	
-2.6	7	
-2.6	7.08	
-2.6	7.16	
-2.6	7.24	
-2.6	7.32	
-2.6	7.4	
-2.6	7.48	
-2.6	7.56	
-2.6	7.64	
-2.6	7.8	
-2.6	7.88	
-2.6	7.96	
-2.6	8.04	
-2.6	8.12	
-2.6	8.2	
-2.6	8.28	
-2.6	8.36	
-2.6	8.44	
-2.6	8.52	
-2.6	8.6	
-2.6	8.68	
-2.6	8.76	
-2.6	8.84	
-2.6	8.92	
-2.6	9	
-2.6	9.08	
-2.6	9.16	
-2.6	9.24	
-2.6	9.32	
-2.6	9.4	
-2.6	9.48	
-2.6	9.56	
-2.6	9.64	
-2.6	9.72	
-2.6	9.8	
-2.6	9.88	
-2.6	9.96	
-2.6	10.12	
-2.6	10.2	
-2.6	10.28	
-2.6	10.36	
-2.6	10.44	
-2.6	10.52	
-2.6	10.6	
-2.6	10.68	
-2.6	10.76	
-2.6	10.84	
-2.6	10.92	
-2.6	11	
-2.6	11.08	
-2.6	11.16	
-2.6	11.24	
-2.6	11.32	
-2.6	11.4	
-2.6	11.48	
-2.6	11.56	
-2.6	11.64	
-2.6	11.72	
-2.6	11.8	
-2.6	11.88	
-2.6	11.96	
-2.6	12.04	
-2.6	12.12	
-2.6	12.2	
-2.6	12.28	
-2.6	12.36	
-2.6	12.44	
-2.6	12.52	
-2.6	12.6	
-2.6	12.68	
-2.6	12.76	
-2.6	12.84	
-2.6	12.92	
-2.6	13	
-2.6	13.08	
-2.6	13.16	
-2.6	13.24	
-2.6	13.32	
-2.6	13.4	
-2.6	13.48	
-2.6	13.56	
-2.6	13.64	
-2.6	13.72	
-2.6	13.8	
-2.6	13.88	
-2.6	13.96	
-2.6	14.04	
-2.6	14.12	
-2.6	14.2	
-2.6	14.28	
-2.6	14.36	
-2.6	14.44	
-2.6	14.68	
-2.6	14.76	
-2.56	2.56	
-2.56	2.64	
-2.56	2.72	
-2.56	2.8	
-2.56	2.88	
-2.56	2.96	
-2.56	3.04	
-2.56	3.12	
-2.56	3.2	
-2.56	3.28	
-2.56	3.36	
-2.56	3.44	
-2.56	3.52	
-2.56	3.6	
-2.56	3.68	
-2.56	3.76	
-2.56	3.84	
-2.56	3.92	
-2.56	4	
-2.56	4.08	
-2.56	4.16	
-2.56	4.24	
-2.56	4.32	
-2.56	4.4	
-2.56	4.48	
-2.56	4.56	
-2.56	4.64	
-2.56	4.72	
-2.56	4.8	
-2.56	4.88	
-2.56	4.96	
-2.56	5.04	
-2.56	5.12	
-2.56	5.2	
-2.56	5.28	
-2.56	5.36	
-2.56	5.44	
-2.56	5.6	
-2.56	5.68	
-2.56	5.76	
-2.56	5.84	
-2.56	5.92	
-2.56	6	
-2.56	6.08	
-2.56	6.16	
-2.56	6.24	
-2.56	6.32	
-2.56	6.4	
-2.56	6.48	
-2.56	6.56	
-2.56	6.64	
-2.56	6.72	
-2.56	6.8	
-2.56	6.88	
-2.56	6.96	
-2.56	7.04	
-2.56	7.12	
-2.56	7.2	
-2.56	7.28	
-2.56	7.36	
-2.56	7.44	
-2.56	7.52	
-2.56	7.6	
-2.56	7.68	
-2.56	7.76	
-2.56	7.84	
-2.56	7.92	
-2.56	8	
-2.56	8.08	
-2.56	8.16	
-2.56	8.24	
-2.56	8.32	
-2.56	8.4	
-2.56	8.48	
-2.56	8.56	
-2.56	8.64	
-2.56	8.72	
-2.56	8.8	
-2.56	8.88	
-2.56	8.96	
-2.56	9.04	
-2.56	9.12	
-2.56	9.2	
-2.56	9.28	
-2.56	9.36	
-2.56	9.44	
-2.56	9.52	
-2.56	9.6	
-2.56	9.68	
-2.56	9.76	
-2.56	9.84	
-2.56	9.92	
-2.56	10.08	
-2.56	10.16	
-2.56	10.24	
-2.56	10.32	
-2.56	10.4	
-2.56	10.48	
-2.56	10.56	
-2.56	10.64	
-2.56	10.72	
-2.56	10.8	
-2.56	10.88	
-2.56	10.96	
-2.56	11.04	
-2.56	11.12	
-2.56	11.2	
-2.56	11.28	
-2.56	11.36	
-2.56	11.44	
-2.56	11.52	
-2.56	11.6	
-2.56	11.68	
-2.56	11.76	
-2.56	11.84	
-2.56	11.92	
-2.56	12	
-2.56	12.08	
-2.56	12.16	
-2.56	12.24	
-2.56	12.32	
-2.56	12.4	
-2.56	12.48	
-2.56	12.56	
-2.56	12.64	
-2.56	12.72	
-2.56	12.8	
-2.56	12.88	
-2.56	12.96	
-2.56	13.04	
-2.56	13.12	
-2.56	13.2	
-2.56	13.28	
-2.56	13.36	
-2.56	13.44	
-2.56	13.52	
-2.56	13.6	
-2.56	13.68	
-2.56	13.76	
-2.56	13.84	
-2.56	13.92	
-2.56	14	
-2.56	14.08	
-2.56	14.16	
-2.56	14.24	
-2.56	14.32	
-2.56	14.4	
-2.56	14.48	
-2.56	14.56	
-2.56	14.64	
-2.56	14.72	
-2.52	2.52	
-2.52	2.6	
-2.52	2.68	
-2.52	2.76	
-2.52	2.84	
-2.52	2.92	
-2.52	3	
-2.52	3.08	
-2.52	3.16	
-2.52	3.24	
-2.52	3.32	
-2.52	3.4	
-2.52	3.48	
-2.52	3.56	
-2.52	3.64	
-2.52	3.72	
-2.52	3.8	
-2.52	3.88	
-2.52	3.96	
-2.52	4.04	
-2.52	4.12	
-2.52	4.2	
-2.52	4.28	
-2.52	4.36	
-2.52	4.44	
-2.52	4.52	
-2.52	4.6	
-2.52	4.68	
-2.52	4.76	
-2.52	4.84	
-2.52	4.92	
-2.52	5	
-2.52	5.08	
-2.52	5.16	
-2.52	5.24	
-2.52	5.32	
-2.52	5.4	
-2.52	5.48	
-2.52	5.56	
-2.52	5.64	
-2.52	5.72	
-2.52	5.8	
-2.52	5.88	
-2.52	5.96	
-2.52	6.04	
-2.52	6.12	
-2.52	6.2	
-2.52	6.28	
-2.52	6.36	
-2.52	6.44	
-2.52	6.52	
-2.52	6.6	
-2.52	6.68	
-2.52	6.76	
-2.52	6.84	
-2.52	6.92	
-2.52	7	
-2.52	7.08	
-2.52	7.16	
-2.52	7.24	
-2.52	7.32	
-2.52	7.4	
-2.52	7.48	
-2.52	7.56	
-2.52	7.64	
-2.52	7.72	
-2.52	7.8	
-2.52	7.88	
-2.52	7.96	
-2.52	8.04	
-2.52	8.12	
-2.52	8.2	
-2.52	8.28	
-2.52	8.36	
-2.52	8.44	
-2.52	8.52	
-2.52	8.6	
-2.52	8.68	
-2.52	8.76	
-2.52	8.84	
-2.52	8.92	
-2.52	9	
-2.52	9.08	
-2.52	9.16	
-2.52	9.24	
-2.52	9.32	
-2.52	9.4	
-2.52	9.48	
-2.52	9.56	
-2.52	9.64	
-2.52	9.72	
-2.52	9.8	
-2.52	9.88	
-2.52	9.96	
-2.52	10.04	
-2.52	10.12	
-2.52	10.2	
-2.52	10.28	
-2.52	10.36	
-2.52	10.44	
-2.52	10.52	
-2.52	10.6	
-2.52	10.68	
-2.52	10.76	
-2.52	10.84	
-2.52	10.92	
-2.52	11	
-2.52	11.08	
-2.52	11.16	
-2.52	11.24	
-2.52	11.32	
-2.52	11.4	
-2.52	11.48	
-2.52	11.56	
-2.52	11.64	
-2.52	11.72	
-2.52	11.8	
-2.52	11.88	
-2.52	11.96	
-2.52	12.04	
-2.52	12.12	
-2.52	12.2	
-2.52	12.28	
-2.52	12.36	
-2.52	12.44	
-2.52	12.52	
-2.52	12.6	
-2.52	12.68	
-2.52	12.76	
-2.52	12.84	
-2.52	12.92	
-2.52	13	
-2.52	13.08	
-2.52	13.16	
-2.52	13.24	
-2.52	13.32	
-2.52	13.4	
-2.52	13.48	
-2.52	13.56	
-2.52	13.64	
-2.52	13.72	
-2.52	13.8	
-2.52	13.88	
-2.52	13.96	
-2.52	14.04	
-2.52	14.12	
-2.52	14.2	
-2.52	14.28	
-2.52	14.36	
-2.52	14.44	
-2.52	14.52	
-2.52	14.6	
-2.52	14.68	
-2.52	14.76	
-2.48	2.56	
-2.48	2.64	
-2.48	2.72	
-2.48	2.8	
-2.48	2.88	
-2.48	2.96	
-2.48	3.04	
-2.48	3.12	
-2.48	3.2	
-2.48	3.28	
-2.48	3.36	
-2.48	3.44	
-2.48	3.52	
-2.48	3.6	
-2.48	3.68	
-2.48	3.76	
-2.48	3.84	
-2.48	3.92	
-2.48	4	
-2.48	4.08	
-2.48	4.16	
-2.48	4.24	
-2.48	4.32	
-2.48	4.4	
-2.48	4.48	
-2.48	4.56	
-2.48	4.64	
-2.48	4.72	
-2.48	4.8	
-2.48	4.88	
-2.48	4.96	
-2.48	5.04	
-2.48	5.12	
-2.48	5.2	
-2.48	5.28	
-2.48	5.36	
-2.48	5.44	
-2.48	5.52	
-2.48	5.6	
-2.48	5.68	
-2.48	5.76	
-2.48	5.84	
-2.48	5.92	
-2.48	6	
-2.48	6.08	
-2.48	6.16	
-2.48	6.24	
-2.48	6.32	
-2.48	6.4	
-2.48	6.48	
-2.48	6.56	
-2.48	6.64	
-2.48	6.72	
-2.48	6.8	
-2.48	6.88	
-2.48	6.96	
-2.48	7.04	
-2.48	7.12	
-2.48	7.2	
-2.48	7.28	
-2.48	7.36	
-2.48	7.44	
-2.48	7.52	
-2.48	7.6	
-2.48	7.68	
-2.48	7.76	
-2.48	7.84	
-2.48	7.92	
-2.48	8	
-2.48	8.08	
-2.48	8.16	
-2.48	8.24	
-2.48	8.32	
-2.48	8.4	
-2.48	8.48	
-2.48	8.56	
-2.48	8.64	
-2.48	8.72	
-2.48	8.8	
-2.48	8.88	
-2.48	8.96	
-2.48	9.04	
-2.48	9.12	
-2.48	9.2	
-2.48	9.28	
-2.48	9.36	
-2.48	9.44	
-2.48	9.52	
-2.48	9.6	
-2.48	9.68	
-2.48	9.76	
-2.48	9.84	
-2.48	9.92	
-2.48	10	
-2.48	10.08	
-2.48	10.16	
-2.48	10.24	
-2.48	10.32	
-2.48	10.4	
-2.48	10.48	
-2.48	10.56	
-2.48	10.64	
-2.48	10.72	
-2.48	10.8	
-2.48	10.88	
-2.48	10.96	
-2.48	11.04	
-2.48	11.12	
-2.48	11.2	
-2.48	11.28	
-2.48	11.36	
-2.48	11.44	
-2.48	11.52	
-2.48	11.6	
-2.48	11.68	
-2.48	11.76	
-2.48	11.84	
-2.48	11.92	
-2.48	12	
-2.48	12.08	
-2.48	12.16	
-2.48	12.24	
-2.48	12.32	
-2.48	12.4	
-2.48	12.48	
-2.48	12.56	
-2.48	12.64	
-2.48	12.72	
-2.48	12.8	
-2.48	12.88	
-2.48	12.96	
-2.48	13.04	
-2.48	13.12	
-2.48	13.2	
-2.48	13.28	
-2.48	13.36	
-2.48	13.44	
-2.48	13.52	
-2.48	13.6	
-2.48	13.68	
-2.48	13.76	
-2.48	13.84	
-2.48	13.92	
-2.48	14	
-2.48	14.08	
-2.48	14.16	
-2.48	14.24	
-2.48	14.32	
-2.48	14.4	
-2.48	14.48	
-2.48	14.56	
-2.48	14.64	
-2.48	14.72	
-2.44	2.56	
-2.44	2.64	
-2.44	2.72	
-2.44	2.8	
-2.44	2.88	
-2.44	2.96	
-2.44	3.04	
-2.44	3.12	
-2.44	3.2	
-2.44	3.36	
-2.44	3.44	
-2.44	3.52	
-2.44	3.6	
-2.44	3.68	
-2.44	3.76	
-2.44	3.84	
-2.44	3.92	
-2.44	4	
-2.44	4.08	
-2.44	4.16	
-2.44	4.24	
-2.44	4.32	
-2.44	4.4	
-2.44	4.48	
-2.44	4.56	
-2.44	4.64	
-2.44	4.72	
-2.44	4.8	
-2.44	4.88	
-2.44	4.96	
-2.44	5.04	
-2.44	5.12	
-2.44	5.2	
-2.44	5.28	
-2.44	5.36	
-2.44	5.44	
-2.44	5.6	
-2.44	5.68	
-2.44	5.76	
-2.44	5.84	
-2.44	5.92	
-2.44	6	
-2.44	6.08	
-2.44	6.16	
-2.44	6.24	
-2.44	6.32	
-2.44	6.4	
-2.44	6.48	
-2.44	6.56	
-2.44	6.64	
-2.44	6.72	
-2.44	6.8	
-2.44	6.88	
-2.44	6.96	
-2.44	7.04	
-2.44	7.12	
-2.44	7.2	
-2.44	7.28	
-2.44	7.36	
-2.44	7.44	
-2.44	7.52	
-2.44	7.6	
-2.44	7.68	
-2.44	7.76	
-2.44	7.84	
-2.44	7.92	
-2.44	8	
-2.44	8.08	
-2.44	8.16	
-2.44	8.24	
-2.44	8.32	
-2.44	8.4	
-2.44	8.48	
-2.44	8.56	
-2.44	8.64	
-2.44	8.72	
-2.44	8.8	
-2.44	8.88	
-2.44	8.96	
-2.44	9.04	
-2.44	9.12	
-2.44	9.2	
-2.44	9.28	
-2.44	9.36	
-2.44	9.44	
-2.44	9.52	
-2.44	9.6	
-2.44	9.68	
-2.44	9.76	
-2.44	9.84	
-2.44	9.92	
-2.44	10.08	
-2.44	10.16	
-2.44	10.24	
-2.44	10.32	
-2.44	10.4	
-2.44	10.48	
-2.44	10.56	
-2.44	10.64	
-2.44	10.72	
-2.44	10.8	
-2.44	10.88	
-2.44	10.96	
-2.44	11.04	
-2.44	11.12	
-2.44	11.2	
-2.44	11.28	
-2.44	11.36	
-2.44	11.44	
-2.44	11.52	
-2.44	11.6	
-2.44	11.68	
-2.44	11.76	
-2.44	11.84	
-2.44	11.92	
-2.44	12	
-2.44	12.08	
-2.44	12.16	
-2.44	12.24	
-2.44	12.32	
-2.44	12.4	
-2.44	12.48	
-2.44	12.56	
-2.44	12.64	
-2.44	12.72	
-2.44	12.8	
-2.44	12.88	
-2.44	12.96	
-2.44	13.04	
-2.44	13.12	
-2.44	13.2	
-2.44	13.28	
-2.44	13.36	
-2.44	13.44	
-2.44	13.52	
-2.44	13.6	
-2.44	13.68	
-2.44	13.76	
-2.44	13.84	
-2.44	13.92	
-2.44	14	
-2.44	14.08	
-2.44	14.16	
-2.44	14.24	
-2.44	14.32	
-2.44	14.4	
-2.44	14.48	
-2.44	14.56	
-2.44	14.64	
-2.44	14.72	
-2.44	14.8	
-2.4	2.6	
-2.4	2.68	
-2.4	2.76	
-2.4	2.92	
-2.4	3.08	
-2.4	3.16	
-2.4	3.24	
-2.4	3.4	
-2.4	3.48	
-2.4	3.56	
-2.4	3.64	
-2.4	3.72	
-2.4	3.88	
-2.4	3.96	
-2.4	4.2	
-2.4	4.28	
-2.4	4.36	
-2.4	4.52	
-2.4	4.6	
-2.4	4.68	
-2.4	4.76	
-2.4	4.84	
-2.4	4.92	
-2.4	5	
-2.4	5.08	
-2.4	5.16	
-2.4	5.24	
-2.4	5.32	
-2.4	5.4	
-2.4	5.64	
-2.4	5.72	
-2.4	5.8	
-2.4	5.88	
-2.4	5.96	
-2.4	6.04	
-2.4	6.12	
-2.4	6.2	
-2.4	6.28	
-2.4	6.36	
-2.4	6.44	
-2.4	6.52	
-2.4	6.6	
-2.4	6.68	
-2.4	6.76	
-2.4	6.84	
-2.4	6.92	
-2.4	7	
-2.4	7.08	
-2.4	7.16	
-2.4	7.24	
-2.4	7.32	
-2.4	7.4	
-2.4	7.48	
-2.4	7.56	
-2.4	7.64	
-2.4	7.72	
-2.4	7.8	
-2.4	7.88	
-2.4	7.96	
-2.4	8.04	
-2.4	8.12	
-2.4	8.2	
-2.4	8.28	
-2.4	8.36	
-2.4	8.44	
-2.4	8.52	
-2.4	8.6	
-2.4	8.68	
-2.4	8.76	
-2.4	8.84	
-2.4	8.92	
-2.4	9	
-2.4	9.08	
-2.4	9.16	
-2.4	9.24	
-2.4	9.32	
-2.4	9.4	
-2.4	9.48	
-2.4	9.56	
-2.4	9.64	
-2.4	9.72	
-2.4	9.8	
-2.4	9.88	
-2.4	10.12	
-2.4	10.2	
-2.4	10.28	
-2.4	10.36	
-2.4	10.44	
-2.4	10.52	
-2.4	10.6	
-2.4	10.68	
-2.4	10.76	
-2.4	10.84	
-2.4	10.92	
-2.4	11	
-2.4	11.08	
-2.4	11.16	
-2.4	11.24	
-2.4	11.32	
-2.4	11.4	
-2.4	11.48	
-2.4	11.56	
-2.4	11.64	
-2.4	11.72	
-2.4	11.8	
-2.4	11.88	
-2.4	11.96	
-2.4	12.04	
-2.4	12.12	
-2.4	12.2	
-2.4	12.28	
-2.4	12.36	
-2.4	12.44	
-2.4	12.52	
-2.4	12.6	
-2.4	12.68	
-2.4	12.76	
-2.4	12.84	
-2.4	12.92	
-2.4	13	
-2.4	13.08	
-2.4	13.16	
-2.4	13.24	
-2.4	13.32	
-2.4	13.4	
-2.4	13.48	
-2.4	13.56	
-2.4	13.64	
-2.4	13.72	
-2.4	13.8	
-2.4	13.88	
-2.4	13.96	
-2.4	14.04	
-2.4	14.12	
-2.4	14.2	
-2.4	14.28	
-2.4	14.36	
-2.4	14.6	
-2.4	14.68	
-2.4	14.76	
-2.36	2.56	
-2.36	2.64	
-2.36	2.72	
-2.36	2.8	
-2.36	2.96	
-2.36	3.12	
-2.36	3.2	
-2.36	3.52	
-2.36	3.6	
-2.36	3.84	
-2.36	3.92	
-2.36	4.08	
-2.36	4.16	
-2.36	4.24	
-2.36	4.32	
-2.36	4.48	
-2.36	4.56	
-2.36	4.64	
-2.36	4.72	
-2.36	4.8	
-2.36	4.88	
-2.36	4.96	
-2.36	5.04	
-2.36	5.12	
-2.36	5.2	
-2.36	5.28	
-2.36	5.36	
-2.36	5.68	
-2.36	5.76	
-2.36	5.84	
-2.36	5.92	
-2.36	6	
-2.36	6.08	
-2.36	6.16	
-2.36	6.24	
-2.36	6.32	
-2.36	6.4	
-2.36	6.56	
-2.36	6.64	
-2.36	6.72	
-2.36	6.8	
-2.36	6.88	
-2.36	6.96	
-2.36	7.12	
-2.36	7.2	
-2.36	7.28	
-2.36	7.36	
-2.36	7.44	
-2.36	7.52	
-2.36	7.6	
-2.36	7.84	
-2.36	7.92	
-2.36	8	
-2.36	8.08	
-2.36	8.16	
-2.36	8.24	
-2.36	8.32	
-2.36	8.4	
-2.36	8.48	
-2.36	8.64	
-2.36	8.72	
-2.36	8.8	
-2.36	8.88	
-2.36	8.96	
-2.36	9.04	
-2.36	9.12	
-2.36	9.2	
-2.36	9.28	
-2.36	9.36	
-2.36	9.44	
-2.36	9.52	
-2.36	9.6	
-2.36	9.68	
-2.36	9.76	
-2.36	10.08	
-2.36	10.16	
-2.36	10.24	
-2.36	10.32	
-2.36	10.4	
-2.36	10.48	
-2.36	10.56	
-2.36	10.64	
-2.36	10.72	
-2.36	10.8	
-2.36	10.88	
-2.36	10.96	
-2.36	11.04	
-2.36	11.12	
-2.36	11.2	
-2.36	11.28	
-2.36	11.36	
-2.36	11.44	
-2.36	11.52	
-2.36	11.6	
-2.36	11.68	
-2.36	11.76	
-2.36	11.84	
-2.36	11.92	
-2.36	12	
-2.36	12.08	
-2.36	12.16	
-2.36	12.32	
-2.36	12.4	
-2.36	12.48	
-2.36	12.56	
-2.36	12.64	
-2.36	12.72	
-2.36	12.8	
-2.36	12.88	
-2.36	12.96	
-2.36	13.04	
-2.36	13.12	
-2.36	13.2	
-2.36	13.28	
-2.36	13.36	
-2.36	13.44	
-2.36	13.52	
-2.36	13.6	
-2.36	13.68	
-2.36	13.76	
-2.36	13.84	
-2.36	13.92	
-2.36	14	
-2.36	14.08	
-2.36	14.16	
-2.36	14.24	
-2.36	14.56	
-2.36	14.64	
-2.36	14.72	
-2.36	14.8	
-2.32	2.64	
-2.32	2.72	
-2.32	2.8	
-2.32	2.96	
-2.32	3.12	
-2.32	3.6	
-2.32	3.84	
-2.32	3.92	
-2.32	4.56	
-2.32	4.72	
-2.32	4.88	
-2.32	5.04	
-2.32	5.12	
-2.32	5.2	
-2.32	5.28	
-2.32	5.36	
-2.32	5.68	
-2.32	5.76	
-2.32	5.84	
-2.32	5.92	
-2.32	6	
-2.32	6.08	
-2.32	6.16	
-2.32	6.24	
-2.32	6.32	
-2.32	6.4	
-2.32	6.56	
-2.32	6.72	
-2.32	6.8	
-2.32	6.88	
-2.32	7.2	
-2.32	7.28	
-2.32	7.44	
-2.32	7.52	
-2.32	7.6	
-2.32	7.84	
-2.32	7.92	
-2.32	8	
-2.32	8.08	
-2.32	8.16	
-2.32	8.24	
-2.32	8.32	
-2.32	8.4	
-2.32	8.64	
-2.32	8.72	
-2.32	8.8	
-2.32	8.88	
-2.32	8.96	
-2.32	9.04	
-2.32	9.12	
-2.32	9.2	
-2.32	9.28	
-2.32	9.36	
-2.32	9.44	
-2.32	9.52	
-2.32	9.6	
-2.32	9.68	
-2.32	10.16	
-2.32	10.24	
-2.32	10.32	
-2.32	10.4	
-2.32	10.48	
-2.32	10.56	
-2.32	10.64	
-2.32	10.72	
-2.32	10.8	
-2.32	10.88	
-2.32	10.96	
-2.32	11.04	
-2.32	11.12	
-2.32	11.2	
-2.32	11.28	
-2.32	11.36	
-2.32	11.44	
-2.32	11.6	
-2.32	11.68	
-2.32	11.76	
-2.32	11.84	
-2.32	11.92	
-2.32	12	
-2.32	12.08	
-2.32	12.32	
-2.32	12.4	
-2.32	12.48	
-2.32	12.56	
-2.32	12.64	
-2.32	12.72	
-2.32	12.8	
-2.32	12.88	
-2.32	12.96	
-2.32	13.12	
-2.32	13.2	
-2.32	13.28	
-2.32	13.36	
-2.32	13.44	
-2.32	13.52	
-2.32	13.6	
-2.32	13.68	
-2.32	13.76	
-2.32	13.84	
-2.32	13.92	
-2.32	14	
-2.32	14.08	
-2.32	14.16	
-2.32	14.56	
-2.32	14.64	
-2.32	14.72	
-2.32	14.8	
-2.28	2.64	
-2.28	2.72	
-2.28	2.8	
-2.28	4.56	
-2.28	5.12	
-2.28	5.2	
-2.28	5.28	
-2.28	5.76	
-2.28	5.84	
-2.28	5.92	
-2.28	6	
-2.28	6.08	
-2.28	6.72	
-2.28	6.8	
-2.28	7.2	
-2.28	7.28	
-2.28	7.44	
-2.28	7.52	
-2.28	7.92	
-2.28	8	
-2.28	8.08	
-2.28	8.16	
-2.28	8.32	
-2.28	8.64	
-2.28	8.72	
-2.28	8.8	
-2.28	8.96	
-2.28	9.04	
-2.28	9.12	
-2.28	9.28	
-2.28	9.36	
-2.28	9.44	
-2.28	9.52	
-2.28	9.6	
-2.28	10.16	
-2.28	10.24	
-2.28	10.32	
-2.28	10.4	
-2.28	10.48	
-2.28	10.56	
-2.28	10.64	
-2.28	10.72	
-2.28	10.8	
-2.28	10.88	
-2.28	10.96	
-2.28	11.04	
-2.28	11.28	
-2.28	11.36	
-2.28	11.6	
-2.28	11.68	
-2.28	11.76	
-2.28	11.84	
-2.28	11.92	
-2.28	12.4	
-2.28	12.48	
-2.28	12.56	
-2.28	12.64	
-2.28	12.72	
-2.28	12.8	
-2.28	12.88	
-2.28	13.12	
-2.28	13.2	
-2.28	13.28	
-2.28	13.36	
-2.28	13.44	
-2.28	13.52	
-2.28	13.6	
-2.28	13.68	
-2.28	13.76	
-2.28	13.84	
-2.28	13.92	
-2.28	14	
-2.28	14.64	
-2.28	14.72	
-2.28	14.8	
-2.24	2.64	
-2.24	2.72	
-2.24	2.8	
-2.24	5.76	
-2.24	5.84	
-2.24	5.92	
-2.24	6	
-2.24	6.08	
-2.24	6.8	
-2.24	7.2	
-2.24	7.44	
-2.24	7.92	
-2.24	8	
-2.24	8.08	
-2.24	8.64	
-2.24	8.72	
-2.24	8.96	
-2.24	9.04	
-2.24	9.28	
-2.24	9.44	
-2.24	9.52	
-2.24	10.16	
-2.24	10.24	
-2.24	10.32	
-2.24	10.4	
-2.24	10.48	
-2.24	10.56	
-2.24	10.64	
-2.24	10.72	
-2.24	10.8	
-2.24	10.88	
-2.24	11.28	
-2.24	11.6	
-2.24	11.68	
-2.24	11.76	
-2.24	11.84	
-2.24	12.4	
-2.24	12.48	
-2.24	12.56	
-2.24	12.64	
-2.24	12.72	
-2.24	13.12	
-2.24	13.2	
-2.24	13.28	
-2.24	13.52	
-2.24	13.6	
-2.24	13.68	
-2.24	13.76	
-2.24	13.84	
-2.24	13.92	
-2.24	14.64	
-2.24	14.72	
-2.24	14.8	
-2.2	2.68	
-2.2	2.76	
-2.2	2.92	
-2.2	5.8	
-2.2	5.88	
-2.2	5.96	
-2.2	6.04	
-2.2	7.96	
-2.2	8.04	
-2.2	9.4	
-2.2	10.2	
-2.2	10.28	
-2.2	10.36	
-2.2	10.44	
-2.2	10.52	
-2.2	10.6	
-2.2	10.68	
-2.2	10.76	
-2.2	11.64	
-2.2	11.72	
-2.2	12.36	
-2.2	12.44	
-2.2	12.52	
-2.2	12.6	
-2.2	12.68	
-2.2	13.08	
-2.2	13.16	
-2.2	13.48	
-2.2	13.56	
-2.2	13.64	
-2.2	13.72	
-2.2	13.8	
-2.2	14.6	
-2.2	14.68	
-2.2	14.76	
-2.16	2.64	
-2.16	2.72	
-2.16	5.84	
-2.16	5.92	
-2.16	6	
-2.16	8	
-2.16	10.24	
-2.16	10.32	
-2.16	10.4	
-2.16	10.48	
-2.16	10.56	
-2.16	10.64	
-2.16	12.4	
-2.16	12.48	
-2.16	12.56	
-2.16	13.52	
-2.16	14.64	
-2.16	14.72	
-2.16	14.8	
-2.12	2.64	
-2.12	2.72	
-2.12	2.8	
-2.12	5.92	
-2.12	10.24	
-2.12	10.32	
-2.12	10.4	
-2.12	10.48	
-2.12	10.56	
-2.12	12.4	
-2.12	14.64	
-2.12	14.72	
-2.12	14.8	
-2.08	2.68	
-2.08	2.76	
-2.08	10.28	
-2.08	10.36	
-2.08	10.44	
-2.08	10.52	
-2.08	14.68	
-2.08	14.76	
-2.08	14.84	
-2.04	2.72	
-2.04	2.8	
-2.04	10.24	
-2.04	10.32	
-2.04	10.4	
-2.04	14.72	
-2.04	14.8	
-2	2.68	
-2	2.76	
-2	2.84	
-2	10.28	
-2	14.68	
-2	14.76	
-2	14.84	
-1.96	2.76	
-1.96	2.84	
-1.96	2.92	
-1.96	14.68	
-1.96	14.76	
-1.92	2.76	
-1.92	2.84	
-1.92	2.92	
-1.88	2.76	
-1.88	2.84	
-1.88	2.92	
-1.84	2.76	
-1.84	2.84	
-1.84	2.92	
-1.8	2.76	
-1.8	2.84	
-1.8	2.92	
-1.76	2.76	
-1.76	2.84	
-1.76	2.92	
-1.72	2.8	
-1.72	2.88	
-1.68	2.84	
-1.64	2.8	
-1.56	2.88	
-1.52	2.88	
-1.48	2.88	
-1.44	2.88	
-1.4	2.88	
-1.36	2.92	
-1.32	2.96	
-1.28	2.92	
-1.2	3	
-1.16	3	
-1.08	3	
-1.04	3	
-1	3.04	
-0.96	3.08	
-0.92	3.04	
-0.84	3.12	
-0.8	3.12	
-0.72	3.12	
-0.68	3.16	
-0.64	3.16	
-0.6	3.16	
-0.56	3.16	
-0.52	3.2	
-0.48	3.24	
-0.44	3.2	
-0.36	3.28	
-0.32	3.28	
-0.28	3.32	
-0.24	3.28	
-0.12	3.32	
-0.08	3.32	
0.12	3.4	
0.16	3.4	
0.28	3.44	
0.48	3.52	
0.6	3.56	
0.64	3.56	
0.76	3.6	
1.12	3.72	
